SampleRate=19531, frq_max = 104.9, mag_max = 17.757982
Freq	Mag	Mag(dB)
0.0	5.285666	7.230997
9.5	13.989546	11.458035
19.1	5.935134	7.734306
28.6	10.082918	10.035863
38.1	6.641661	8.222767
47.7	10.480721	10.203913
57.2	8.771079	9.430531
66.8	2.597147	4.144965
76.3	3.704322	5.687087
85.8	3.547179	5.498831
95.4	12.527408	10.978612
104.9	17.757982	12.493936
114.4	14.966052	11.751072
124.0	6.657646	8.233207
133.5	7.951930	9.004725
143.0	1.453070	1.622864
152.6	1.775375	2.492901
162.1	6.434895	8.085414
171.7	7.042600	8.477330
181.2	9.648026	9.844385
190.7	12.793179	11.069784
200.3	12.944471	11.120843
209.8	3.416344	5.335616
219.3	10.747791	10.313192
228.9	7.007503	8.455633
238.4	3.405064	5.321252
248.0	7.144863	8.539939
257.5	8.835502	9.462312
267.0	4.739622	6.757437
276.6	4.068270	6.094098
286.1	6.864100	8.365836
295.6	7.661143	8.842936
305.2	7.124383	8.527472
314.7	5.693551	7.553833
324.2	4.855546	6.862381
333.8	1.417061	1.513886
343.3	7.760386	8.898833
352.9	4.772375	6.787345
362.4	6.851998	8.358172
371.9	7.706367	8.868498
381.5	7.978313	9.019112
391.0	2.773682	4.430566
400.5	2.183743	3.392016
410.1	5.068291	7.048616
419.6	4.611272	6.638207
429.1	2.746084	4.387139
438.7	1.306533	1.161202
448.2	1.443902	1.595377
457.8	2.848998	4.546922
467.3	2.420953	3.839864
476.8	1.872033	2.723135
486.4	3.518361	5.463404
495.9	5.429337	7.347467
505.4	4.779669	6.793978
515.0	4.495359	6.527644
524.5	3.879458	5.887711
534.1	2.726360	4.355832
543.6	7.330958	8.651608
553.1	4.462521	6.495802
562.7	4.219428	6.252536
572.2	3.993346	6.013370
581.7	5.243471	7.196188
591.3	7.652786	8.838196
600.8	5.349998	7.283537
610.3	2.990731	4.757774
619.9	4.045179	6.069378
629.4	1.298595	1.134737
639.0	1.797640	2.547027
648.5	1.745845	2.420058
658.0	3.066280	4.866118
667.6	1.533677	1.857339
677.1	0.461635	-3.357016
686.6	0.122406	-9.121990
696.2	3.318238	5.209075
705.7	5.470315	7.380124
715.2	3.524817	5.471367
724.8	1.965333	2.934361
734.3	2.040852	3.098116
743.9	1.759924	2.454939
753.4	1.700742	2.306383
762.9	2.827537	4.514083
772.5	2.958067	4.710080
782.0	3.071751	4.873860
791.5	1.603976	2.051977
801.1	1.371576	1.372197
810.6	2.538564	4.045881
820.1	1.286593	1.094413
829.7	2.978534	4.740025
839.2	0.856367	-0.673401
848.8	2.309863	3.635862
858.3	2.185483	3.395474
867.8	7.692142	8.860473
877.4	5.582215	7.468066
886.9	3.514517	5.458656
896.4	3.515925	5.460396
906.0	1.807662	2.571172
915.5	2.615888	4.176191
925.1	1.265495	1.022604
934.6	2.633196	4.204832
944.1	4.581288	6.609876
953.7	2.495834	3.972157
963.2	1.131692	0.537282
972.7	0.608128	-2.160050
982.3	0.592937	-2.269914
991.8	0.769521	-1.137794
1001.3	0.229939	-6.383867
1010.9	1.387822	1.423338
1020.4	2.589589	4.132308
1030.0	3.961957	5.979097
1039.5	2.099985	3.222162
1049.0	4.231786	6.265237
1058.6	1.916403	2.824869
1068.1	1.658558	2.197308
1077.6	1.894228	2.774322
1087.2	3.555531	5.509045
1096.7	0.708945	-1.493873
1106.2	2.536780	4.042829
1115.8	1.878708	2.738592
1125.3	0.896088	-0.476495
1134.9	0.778726	-1.086156
1144.4	0.642870	-1.918770
1153.9	2.173553	3.371701
1163.5	4.549225	6.579375
1173.0	2.983143	4.746741
1182.5	4.024505	6.047125
1192.1	3.490970	5.429461
1201.6	3.543546	5.494381
1211.2	2.801054	4.473215
1220.7	2.623156	4.188241
1230.2	2.177504	3.379589
1239.8	2.152529	3.329489
1249.3	0.425998	-3.705929
1258.8	1.064696	0.272256
1268.4	1.873939	2.727555
1277.9	3.256631	5.127685
1287.4	5.095949	7.072251
1297.0	3.798041	5.795597
1306.5	1.909018	2.808100
1316.1	1.854706	2.682751
1325.6	0.776867	-1.096532
1335.1	2.011629	3.035480
1344.7	2.439703	3.873370
1354.2	3.010863	4.786911
1363.7	2.547913	4.061845
1373.3	2.866631	4.573718
1382.8	1.780115	2.504482
1392.3	3.015698	4.793878
1401.9	2.765276	4.417385
1411.4	2.662925	4.253589
1421.0	1.759370	2.453571
1430.5	0.261343	-5.827894
1440.0	0.591001	-2.284116
1449.6	1.827544	2.618678
1459.1	1.552776	1.911088
1468.6	1.495456	1.747735
1478.2	3.098087	4.910936
1487.7	3.623835	5.591684
1497.2	4.063411	6.088907
1506.8	3.303893	5.190260
1516.3	2.516058	4.007207
1525.9	0.800331	-0.967306
1535.4	2.231135	3.485259
1544.9	0.878445	-0.562854
1554.5	0.813030	-0.898932
1564.0	2.034541	3.084664
1573.5	1.620507	2.096508
1583.1	0.507539	-2.945302
1592.6	0.919893	-0.362628
1602.2	1.840186	2.648618
1611.7	1.526163	1.836010
1621.2	1.566448	1.949159
1630.8	1.482255	1.709230
1640.3	0.915031	-0.385643
1649.8	3.792535	5.789297
1659.4	3.314666	5.204397
1668.9	1.414847	1.507096
1678.4	0.915412	-0.383832
1688.0	0.956684	-0.192315
1697.5	2.446265	3.885035
1707.1	2.761130	4.410869
1716.6	1.396847	1.451488
1726.1	2.685663	4.290514
1735.7	2.224949	3.473201
1745.2	1.557365	1.923904
1754.7	2.727951	4.358365
1764.3	3.200329	5.051947
1773.8	2.067740	3.154959
1783.3	0.355574	-4.490705
1792.9	3.275330	5.152551
1802.4	3.861818	5.867918
1812.0	1.390272	1.430999
1821.5	1.522740	1.826259
1831.0	1.975043	2.955766
1840.6	3.237792	5.102489
1850.1	0.343608	-4.639368
1859.6	2.372962	3.752908
1869.2	1.710906	2.332262
1878.7	1.161258	0.649287
1888.3	2.088188	3.197696
1897.8	2.270403	3.561029
1907.3	2.319432	3.653817
1916.9	2.330037	3.673627
1926.4	2.327499	3.668896
1935.9	2.790261	4.456449
1945.5	2.486485	3.955858
1955.0	2.029117	3.073071
1964.5	1.422332	1.530010
1974.1	2.078143	3.176755
1983.6	1.718017	2.350274
1993.2	1.202322	0.800208
2002.7	1.042731	0.181724
2012.2	2.634572	4.207101
2021.8	1.435974	1.571465
2031.3	0.972766	-0.119914
2040.8	1.537790	1.868970
2050.4	1.814397	2.587324
2059.9	0.661309	-1.795958
2069.4	0.884036	-0.535301
2079.0	0.876923	-0.570383
2088.5	0.755380	-1.218345
2098.1	1.267054	1.027952
2107.6	2.466510	3.920829
2117.1	1.817285	2.594231
2126.7	1.455297	1.629517
2136.2	2.561494	4.084934
2145.7	1.939483	2.876861
2155.3	1.399961	1.461158
2164.8	1.709015	2.327458
2174.3	1.084902	0.353906
2183.9	1.169145	0.678684
2193.4	1.635700	2.137037
2203.0	1.203287	0.803694
2212.5	1.878798	2.738801
2222.0	2.445975	3.884520
2231.6	2.965945	4.721632
2241.1	2.212153	3.448151
2250.6	1.906117	2.801495
2260.2	1.195492	0.775465
2269.7	2.073601	3.167251
2279.3	1.137625	0.559992
2288.8	1.392606	1.438283
2298.3	2.008756	3.029272
2307.9	1.262352	1.011805
2317.4	1.226233	0.885732
2326.9	1.188636	0.750488
2336.5	2.316200	3.647761
2346.0	3.649618	5.622474
2355.5	2.634825	4.207519
2365.1	1.247857	0.961648
2374.6	1.052596	0.222616
2384.2	0.690693	-1.607146
2393.7	0.136074	-8.662250
2403.2	1.203125	0.803107
2412.8	2.908219	4.636271
2422.3	2.011202	3.034556
2431.8	0.057850	-12.376963
2441.4	0.676372	-1.698146
2450.9	0.878154	-0.564296
2460.4	1.245092	0.952016
2470.0	2.180332	3.385227
2479.5	1.565247	1.945830
2489.1	1.212089	0.835344
2498.6	0.803399	-0.950687
2508.1	0.311000	-5.072397
2517.7	0.715020	-1.456817
2527.2	1.198025	0.784659
2536.7	2.942633	4.687361
2546.3	3.393434	5.306394
2555.8	2.830343	4.518392
2565.4	2.267450	3.555377
2574.9	2.218764	3.461110
2584.4	1.715857	2.344810
2594.0	0.268655	-5.708058
2603.5	1.095023	0.394232
2613.0	1.719638	2.354370
2622.6	0.859347	-0.658313
2632.1	0.526147	-2.788927
2641.6	1.861227	2.697993
2651.2	3.002798	4.775261
2660.7	1.714041	2.340212
2670.3	0.977887	-0.097112
2679.8	0.834581	-0.785313
2689.3	1.044569	0.189369
2698.9	1.124837	0.510895
2708.4	0.686749	-1.632019
2717.9	0.808219	-0.924708
2727.5	1.082718	0.345153
2737.0	0.876777	-0.571110
2746.5	0.341279	-4.668909
2756.1	0.305181	-5.154419
2765.6	0.066587	-11.766127
2775.2	0.854771	-0.681500
2784.7	0.905151	-0.432788
2794.2	4.755108	6.771604
2803.8	4.100465	6.128331
2813.3	1.228437	0.893528
2822.8	0.219118	-6.593213
2832.4	0.457803	-3.393214
2841.9	0.427497	-3.690670
2851.4	1.390716	1.432385
2861.0	2.574544	4.107003
2870.5	2.830229	4.518216
2880.1	1.864297	2.705151
2889.6	0.990370	-0.042025
2899.1	0.654517	-1.840792
2908.7	1.516412	1.808172
2918.2	1.727420	2.373979
2927.7	0.856265	-0.673919
2937.3	0.340531	-4.678435
2946.8	0.968867	-0.137359
2956.4	1.953637	2.908439
2965.9	1.567697	1.952621
2975.4	1.294968	1.122589
2985.0	1.032424	0.138582
2994.5	0.569993	-2.441304
3004.0	0.401683	-3.961167
3013.6	0.297026	-5.272060
3023.1	0.679125	-1.680506
3032.6	1.025344	0.108695
3042.2	0.618134	-2.089177
3051.7	1.350738	1.305713
3061.3	1.077083	0.322491
3070.8	0.868300	-0.613304
3080.3	1.070103	0.294256
3089.9	1.255375	0.987733
3099.4	1.418852	1.519370
3108.9	1.969379	2.943294
3118.5	1.391068	1.433485
3128.0	0.954744	-0.201131
3137.5	1.057245	0.241758
3147.1	0.879386	-0.558205
3156.6	0.880845	-0.551007
3166.2	0.842714	-0.743198
3175.7	0.664120	-1.777536
3185.2	0.247570	-6.063026
3194.8	1.018408	0.079220
3204.3	1.198792	0.787437
3213.8	0.494535	-3.058032
3223.4	0.611108	-2.138824
3232.9	0.734211	-1.341790
3242.5	0.649971	-1.871059
3252.0	0.705027	-1.517943
3261.5	0.962188	-0.167401
3271.1	0.535737	-2.710486
3280.6	0.636145	-1.964437
3290.1	0.962806	-0.164612
3299.7	0.611920	-2.133053
3309.2	0.598632	-2.228403
3318.7	0.315825	-5.005530
3328.3	0.204583	-6.891298
3337.8	0.013677	-18.640211
3347.4	0.887776	-0.516967
3356.9	0.480585	-3.182300
3366.4	0.839748	-0.758510
3376.0	0.881479	-0.547882
3385.5	0.310595	-5.078054
3395.0	0.738551	-1.316194
3404.6	1.340714	1.273363
3414.1	0.923913	-0.343690
3423.6	0.496963	-3.036763
3433.2	0.891530	-0.498643
3442.7	0.423850	-3.727874
3452.3	0.748798	-1.256355
3461.8	0.743204	-1.288918
3471.3	1.033378	0.142592
3480.9	1.423783	1.534439
3490.4	1.698996	2.301924
3499.9	1.392183	1.436964
3509.5	1.205728	0.812492
3519.0	1.339650	1.269913
3528.5	0.297172	-5.269916
3538.1	0.606753	-2.169879
3547.6	0.655888	-1.831702
3557.2	0.723119	-1.407902
3566.7	0.595716	-2.249607
3576.2	0.823542	-0.843140
3585.8	0.975999	-0.105508
3595.3	0.342148	-4.657856
3604.8	0.658126	-1.816906
3614.4	0.374887	-4.260993
3623.9	0.620211	-2.074604
3633.5	0.360173	-4.434891
3643.0	1.369082	1.364296
3652.5	0.916687	-0.377791
3662.1	0.807641	-0.927814
3671.6	0.895838	-0.477706
3681.1	0.278706	-5.548534
3690.7	0.291915	-5.347438
3700.2	0.409001	-3.882760
3709.7	0.584419	-2.332759
3719.3	0.832397	-0.796692
3728.8	0.787489	-1.037556
3738.4	0.949145	-0.226672
3747.9	0.542737	-2.654105
3757.4	0.449089	-3.476679
3767.0	0.219184	-6.591920
3776.5	0.398157	-3.999460
3786.0	1.332021	1.245110
3795.6	1.457373	1.635708
3805.1	0.979231	-0.091149
3814.6	1.098517	0.408069
3824.2	0.745100	-1.277853
3833.7	0.643319	-1.915738
3843.3	0.840870	-0.752709
3852.8	1.334858	1.254351
3862.3	0.894651	-0.483463
3871.9	0.362339	-4.408851
3881.4	0.772266	-1.122330
3890.9	1.374180	1.380436
3900.5	1.314798	1.188590
3910.0	0.371783	-4.297110
3919.6	1.218407	0.857924
3929.1	0.379854	-4.203833
3938.6	0.497418	-3.032789
3948.2	0.353677	-4.513936
3957.7	0.806300	-0.935032
3967.2	0.355712	-4.489017
3976.8	0.594797	-2.256310
3986.3	0.774252	-1.111177
3995.8	0.187327	-7.274005
4005.4	0.292853	-5.333498
4014.9	0.776483	-1.098678
4024.5	1.129106	0.527347
4034.0	0.481629	-3.172875
4043.5	0.211704	-6.742718
4053.1	0.663199	-1.783562
4062.6	1.673950	2.237425
4072.1	1.058082	0.245193
4081.7	0.057760	-12.383726
4091.2	0.572170	-2.424747
4100.7	0.285685	-5.441127
4110.3	1.039190	0.166949
4119.8	1.192543	0.764739
4129.4	0.890875	-0.501831
4138.9	0.588559	-2.302102
4148.4	0.312701	-5.048709
4158.0	1.295045	1.122849
4167.5	1.919002	2.830753
4177.0	2.198964	3.422180
4186.6	1.982777	2.972738
4196.1	0.595774	-2.249182
4205.6	0.522491	-2.819209
4215.2	1.234521	0.914984
4224.7	1.301541	1.144580
4234.3	0.591748	-2.278632
4243.8	0.936490	-0.284969
4253.3	1.617078	2.087309
4262.9	1.734385	2.391454
4272.4	0.981703	-0.080199
4281.9	0.742239	-1.294563
4291.5	0.244101	-6.124302
4301.0	0.219633	-6.583020
4310.6	0.376801	-4.238885
4320.1	0.526825	-2.783338
4329.6	0.485154	-3.141205
4339.2	0.090618	-10.427855
4348.7	0.729302	-1.370927
4358.2	0.794075	-1.001387
4367.8	0.736206	-1.330004
4377.3	0.079084	-11.019131
4386.8	0.688577	-1.620478
4396.4	1.022940	0.098503
4405.9	0.690211	-1.610181
4415.5	0.036868	-14.333549
4425.0	0.075884	-11.198501
4434.5	0.141428	-8.494648
4444.1	0.228436	-6.412356
4453.6	0.421514	-3.751879
4463.1	0.381575	-4.184203
4472.7	0.974712	-0.111235
4482.2	0.993768	-0.027151
4491.7	0.439697	-3.568469
4501.3	0.703732	-1.525929
4510.8	0.823708	-0.842267
4520.4	0.561872	-2.503624
4529.9	0.720591	-1.423114
4539.4	0.638520	-1.948255
4549.0	0.868069	-0.614456
4558.5	0.638620	-1.947572
4568.0	0.371805	-4.296849
4577.6	0.545438	-2.632549
4587.1	0.873976	-0.585004
4596.7	1.096781	0.401200
4606.2	0.354672	-4.501725
4615.7	0.201164	-6.964507
4625.3	0.257046	-5.899888
4634.8	0.668696	-1.747715
4644.3	0.953774	-0.205544
4653.9	0.178759	-7.477327
4663.4	0.758401	-1.201011
4672.9	0.783299	-1.060727
4682.5	0.751049	-1.243316
4692.0	0.791412	-1.015973
4701.6	1.031722	0.135628
4711.1	0.849037	-0.710732
4720.6	0.615744	-2.105996
4730.2	1.030989	0.132542
4739.7	0.466070	-3.315489
4749.2	0.750381	-1.247184
4758.8	0.300766	-5.217719
4768.3	0.603740	-2.191498
4777.8	0.253263	-5.964275
4787.4	0.636519	-1.961888
4796.9	0.119928	-9.210786
4806.5	0.275003	-5.606628
4816.0	0.611801	-2.133899
4825.5	0.796171	-0.989938
4835.1	0.495476	-3.049774
4844.6	0.587596	-2.309213
4854.1	0.897651	-0.468926
4863.7	0.775930	-1.101776
4873.2	0.471293	-3.267086
4882.8	0.932353	-0.304195
4892.3	0.625959	-2.034538
4901.8	0.328144	-4.839355
4911.4	0.820360	-0.859955
4920.9	1.339159	1.268320
4930.4	0.756743	-1.210516
4940.0	0.621867	-2.063028
4949.5	0.734335	-1.341059
4959.0	0.558314	-2.531215
4968.6	0.679722	-1.676687
4978.1	0.447263	-3.494370
4987.7	0.104008	-9.829331
4997.2	0.510961	-2.916126
5006.7	0.906442	-0.426600
5016.3	1.135685	0.552580
5025.8	0.865679	-0.626432
5035.3	0.447097	-3.495984
5044.9	0.731260	-1.359284
5054.4	0.781504	-1.070686
5063.9	1.201321	0.796589
5073.5	1.315551	1.191077
5083.0	0.275466	-5.599325
5092.6	0.369581	-4.322902
5102.1	0.609082	-2.153241
5111.6	0.185396	-7.318992
5121.2	0.678605	-1.683832
5130.7	0.511087	-2.915053
5140.2	0.510608	-2.919121
5149.8	0.603428	-2.193747
5159.3	0.280630	-5.518660
5168.8	0.330524	-4.807970
5178.4	0.478158	-3.204289
5187.9	0.383255	-4.165120
5197.5	0.460284	-3.369740
5207.0	0.218459	-6.606305
5216.5	0.461893	-3.354585
5226.1	0.673225	-1.718397
5235.6	0.692433	-1.596225
5245.1	0.242603	-6.151038
5254.7	0.244451	-6.118083
5264.2	0.151319	-8.201076
5273.8	0.216220	-6.651049
5283.3	0.428485	-3.680647
5292.8	0.116811	-9.325172
5302.4	0.725049	-1.396325
5311.9	1.020217	0.086927
5321.4	0.535855	-2.709528
5331.0	0.227291	-6.434171
5340.5	0.293005	-5.331253
5350.0	0.150811	-8.215660
5359.6	0.135480	-8.681255
5369.1	0.235562	-6.278947
5378.7	0.241804	-6.165370
5388.2	0.037267	-14.286700
5397.7	0.337225	-4.720807
5407.3	0.611643	-2.135020
5416.8	1.385933	1.417424
5426.3	0.950863	-0.218822
5435.9	0.451423	-3.454158
5445.4	1.022287	0.095729
5454.9	1.218173	0.857090
5464.5	0.512680	-2.901540
5474.0	0.189961	-7.213362
5483.6	0.207833	-6.822865
5493.1	0.296206	-5.284067
5502.6	0.656976	-1.824504
5512.2	0.702714	-1.532213
5521.7	0.571241	-2.431809
5531.2	0.975062	-0.109678
5540.8	0.433799	-3.627110
5550.3	0.285711	-5.440726
5559.9	0.367166	-4.351381
5569.4	0.627802	-2.021775
5578.9	0.810504	-0.912450
5588.5	0.721180	-1.419564
5598.0	0.556658	-2.544115
5607.5	0.622789	-2.056590
5617.1	0.675696	-1.702485
5626.6	0.448393	-3.483416
5636.1	0.521305	-2.829082
5645.7	0.995466	-0.019736
5655.2	0.590715	-2.286223
5664.8	0.337924	-4.711803
5674.3	0.200479	-6.979320
5683.8	0.123194	-9.094120
5693.4	0.331546	-4.794567
5702.9	0.807982	-0.925984
5712.4	0.155456	-8.083914
5722.0	0.400528	-3.973672
5731.5	0.392585	-4.060659
5741.0	0.452749	-3.441429
5750.6	0.245893	-6.092534
5760.1	0.462089	-3.352748
5769.7	0.806057	-0.936341
5779.2	0.631184	-1.998437
5788.7	0.186498	-7.293249
5798.3	0.804156	-0.946598
5807.8	0.541181	-2.666575
5817.3	0.150621	-8.221135
5826.9	0.303297	-5.181315
5836.4	0.367642	-4.345743
5845.9	0.578495	-2.377007
5855.5	0.447121	-3.495754
5865.0	0.317911	-4.976944
5874.6	0.380791	-4.193132
5884.1	0.581248	-2.356382
5893.6	0.622065	-2.061644
5903.2	0.375569	-4.253106
5912.7	0.311063	-5.071513
5922.2	0.408772	-3.885184
5931.8	0.591479	-2.280608
5941.3	0.551285	-2.586239
5950.9	0.541381	-2.664973
5960.4	0.602849	-2.197912
5969.9	0.678360	-1.685395
5979.5	0.514365	-2.887284
5989.0	0.481551	-3.173581
5998.5	0.403203	-3.944764
6008.1	0.199587	-6.998682
6017.6	0.648168	-1.883122
6027.1	0.442648	-3.539412
6036.7	0.019233	-17.159519
6046.2	0.148982	-8.268667
6055.8	0.030851	-15.107365
6065.3	0.162348	-7.895534
6074.8	0.247505	-6.064161
6084.4	0.662783	-1.786289
6093.9	0.806127	-0.935964
6103.4	0.466949	-3.307302
6113.0	0.356726	-4.476648
6122.5	0.351099	-4.545707
6132.0	0.061598	-12.104341
6141.6	0.171262	-7.663383
6151.1	0.468180	-3.295871
6160.7	0.386236	-4.131476
6170.2	0.204969	-6.883117
6179.7	0.406242	-3.912147
6189.3	0.403771	-3.938651
6198.8	0.277579	-5.566129
6208.3	0.107616	-9.681232
6217.9	0.261151	-5.831075
6227.4	0.125529	-9.012553
6237.0	0.309460	-5.093958
6246.5	0.522074	-2.822679
6256.0	0.626554	-2.030418
6265.6	0.283673	-5.471813
6275.1	0.705707	-1.513755
6284.6	0.382349	-4.175396
6294.2	0.303506	-5.178333
6303.7	0.520608	-2.834889
6313.2	0.715098	-1.456346
6322.8	0.464898	-3.326425
6332.3	0.091502	-10.385681
6341.9	0.529193	-2.763861
6351.4	0.805443	-0.939655
6360.9	0.670569	-1.735566
6370.5	0.262301	-5.812006
6380.0	0.546797	-2.621737
6389.5	0.503615	-2.979011
6399.1	0.183043	-7.374460
6408.6	0.145855	-8.360789
6418.1	0.233265	-6.321506
6427.7	0.297679	-5.262512
6437.2	0.441560	-3.550102
6446.8	0.375796	-4.250473
6456.3	0.330672	-4.806022
6465.8	0.443440	-3.531656
6475.4	0.261557	-5.824338
6484.9	0.442211	-3.543705
6494.4	0.332244	-4.785423
6504.0	0.348250	-4.581086
6513.5	0.225692	-6.464835
6523.0	0.053169	-12.743439
6532.6	0.215229	-6.670988
6542.1	0.607698	-2.163120
6551.7	2.928591	4.666586
6561.2	9.802536	9.913384
6570.7	7.365654	8.672113
6580.3	1.022705	0.097503
6589.8	0.355691	-4.489267
6599.3	0.578218	-2.379087
6608.9	0.352527	-4.528079
6618.4	0.288098	-5.404596
6628.0	0.209596	-6.786180
6637.5	0.706168	-1.510919
6647.0	0.693421	-1.590028
6656.6	0.120270	-9.198439
6666.1	0.215220	-6.671181
6675.6	0.218492	-6.605653
6685.2	0.255526	-5.925651
6694.7	0.546771	-2.621942
6704.2	0.098980	-10.044533
6713.8	0.720811	-1.421784
6723.3	0.565234	-2.477717
6732.9	0.489785	-3.099942
6742.4	0.421742	-3.749529
6751.9	0.171547	-7.656157
6761.5	0.155584	-8.080340
6771.0	0.163706	-7.859364
6780.5	0.209469	-6.788811
6790.1	0.433443	-3.630683
6799.6	0.727205	-1.383429
6809.1	0.852184	-0.694668
6818.7	0.259102	-5.865287
6828.2	0.126930	-8.964360
6837.8	0.237642	-6.240763
6847.3	0.177580	-7.506047
6856.8	0.249837	-6.023438
6866.4	0.254477	-5.943520
6875.9	0.176813	-7.524854
6885.4	0.455017	-3.419721
6895.0	0.272460	-5.646975
6904.5	0.309976	-5.086718
6914.1	0.190160	-7.208805
6923.6	0.281330	-5.507834
6933.1	0.316722	-4.993212
6942.7	0.425352	-3.712511
6952.2	0.397869	-4.002598
6961.7	0.291801	-5.349131
6971.3	0.291044	-5.360410
6980.8	0.682245	-1.660599
6990.3	0.676044	-1.700248
6999.9	0.235600	-6.278250
7009.4	0.290313	-5.371339
7019.0	0.156117	-8.065506
7028.5	0.267806	-5.721805
7038.0	0.391285	-4.075068
7047.6	0.446361	-3.503139
7057.1	0.382728	-4.171092
7066.6	0.278750	-5.547852
7076.2	0.202484	-6.936091
7085.7	0.120458	-9.191650
7095.2	0.196235	-7.072227
7104.8	0.274122	-5.620560
7114.3	0.141179	-8.502293
7123.9	0.266179	-5.748263
7133.4	0.329434	-4.822317
7142.9	0.416881	-3.799877
7152.5	0.515367	-2.878835
7162.0	0.122550	-9.116869
7171.5	0.507370	-2.946751
7181.1	0.606814	-2.169443
7190.6	0.457408	-3.396966
7200.1	0.252549	-5.976547
7209.7	0.229324	-6.395513
7219.2	0.236777	-6.256608
7228.8	0.187220	-7.276467
7238.3	0.198988	-7.011731
7247.8	0.122477	-9.119461
7257.4	0.120987	-9.172613
7266.9	0.106229	-9.737588
7276.4	0.321390	-4.929675
7286.0	0.588970	-2.299067
7295.5	0.415581	-3.813444
7305.1	0.360599	-4.429750
7314.6	0.453579	-3.433472
7324.1	0.300848	-5.216534
7333.7	0.266218	-5.747619
7343.2	0.261359	-5.827627
7352.7	0.243648	-6.132364
7362.3	0.332242	-4.785459
7371.8	0.042620	-13.703860
7381.3	0.127037	-8.960710
7390.9	0.352897	-4.523516
7400.4	0.463612	-3.338455
7410.0	0.449182	-3.475778
7419.5	0.048607	-13.132974
7429.0	0.185539	-7.315658
7438.6	0.168776	-7.726905
7448.1	0.299589	-5.234741
7457.6	0.466784	-3.308839
7467.2	0.290024	-5.375666
7476.7	0.679779	-1.676324
7486.2	0.481733	-3.171939
7495.8	0.081537	-10.886454
7505.3	0.207767	-6.824243
7514.9	0.071997	-11.426857
7524.4	0.221008	-6.555920
7533.9	0.152597	-8.164541
7543.5	0.186623	-7.290342
7553.0	0.407092	-3.903078
7562.5	0.113844	-9.436902
7572.1	0.370818	-4.308396
7581.6	0.455693	-3.413277
7591.2	0.436813	-3.597044
7600.7	0.236847	-6.255325
7610.2	0.651326	-1.862015
7619.8	0.580629	-2.361011
7629.3	0.330600	-4.806973
7638.8	0.404716	-3.928498
7648.4	0.284954	-5.452245
7657.9	0.556840	-2.542695
7667.4	0.450977	-3.458454
7677.0	0.102988	-9.872145
7686.5	0.549362	-2.601411
7696.1	0.405655	-3.918434
7705.6	0.111324	-9.534100
7715.1	0.388430	-4.106874
7724.7	0.447562	-3.491468
7734.2	0.503971	-2.975943
7743.7	0.633591	-1.981912
7753.3	0.776947	-1.096084
7762.8	0.480236	-3.185454
7772.3	0.241815	-6.165160
7781.9	0.272201	-5.651107
7791.4	0.274553	-5.613743
7801.0	0.263155	-5.797876
7810.5	0.387629	-4.115833
7820.0	0.451706	-3.451440
7829.6	0.169575	-7.706385
7839.1	0.433425	-3.630861
7848.6	0.159447	-7.973837
7858.2	0.257089	-5.899170
7867.7	0.217674	-6.621940
7877.2	0.252605	-5.975587
7886.8	0.426083	-3.705058
7896.3	0.262201	-5.813649
7905.9	0.262125	-5.814908
7915.4	0.423114	-3.735426
7924.9	0.150532	-8.223700
7934.5	0.265053	-5.766678
7944.0	0.524747	-2.800502
7953.5	0.105838	-9.753573
7963.1	0.528592	-2.768794
7972.6	0.345054	-4.621130
7982.2	0.551150	-2.587305
7991.7	0.674177	-1.712260
8001.2	0.217355	-6.628298
8010.8	0.082185	-10.852069
8020.3	0.390195	-4.087180
8029.8	0.368061	-4.340806
8039.4	0.310205	-5.083516
8048.9	0.269217	-5.698971
8058.4	0.065688	-11.825172
8068.0	0.286262	-5.432364
8077.5	0.551601	-2.583749
8087.1	0.554202	-2.563321
8096.6	0.367865	-4.343113
8106.1	0.285040	-5.450949
8115.7	0.485834	-3.135118
8125.2	0.325276	-4.877481
8134.7	0.201686	-6.953247
8144.3	0.111642	-9.521741
8153.8	0.215390	-6.667738
8163.3	0.208892	-6.800792
8172.9	0.422819	-3.738456
8182.4	0.406190	-3.912704
8192.0	0.141744	-8.484949
8201.5	0.218236	-6.610730
8211.0	0.418554	-3.782482
8220.6	0.084378	-10.737698
8230.1	0.406497	-3.909424
8239.6	0.142183	-8.471538
8249.2	0.023710	-16.250664
8258.7	0.165058	-7.823638
8268.2	0.031846	-14.969433
8277.8	0.257457	-5.892960
8287.3	0.041827	-13.785469
8296.9	0.437555	-3.589678
8306.4	0.443996	-3.526207
8315.9	0.253729	-5.956291
8325.5	0.160474	-7.945951
8335.0	0.301746	-5.203581
8344.5	0.389642	-4.093340
8354.1	0.223480	-6.507616
8363.6	0.090347	-10.440868
8373.2	0.292045	-5.345506
8382.7	0.201381	-6.959811
8392.2	0.422906	-3.737560
8401.8	0.348291	-4.580575
8411.3	0.177477	-7.508569
8420.8	0.415183	-3.817603
8430.4	0.542108	-2.659143
8439.9	0.341734	-4.663122
8449.4	0.459277	-3.379256
8459.0	0.261976	-5.817384
8468.5	0.212680	-6.722729
8478.1	0.132208	-8.787408
8487.6	0.336376	-4.731752
8497.1	0.515400	-2.878552
8506.7	0.188976	-7.235926
8516.2	0.291699	-5.350652
8525.7	0.310591	-5.078111
8535.3	0.452832	-3.440632
8544.8	0.337100	-4.722413
8554.3	0.120348	-9.195606
8563.9	0.168041	-7.745857
8573.4	0.495725	-3.047596
8583.0	0.479238	-3.194488
8592.5	0.052675	-12.783945
8602.0	0.769765	-1.136419
8611.6	0.682893	-1.656476
8621.1	0.121613	-9.150208
8630.6	0.077966	-11.080948
8640.2	0.149336	-8.258366
8649.7	0.232906	-6.328185
8659.3	0.028229	-15.493031
8668.8	0.058138	-12.355380
8678.3	0.286903	-5.422656
8687.9	0.271690	-5.659266
8697.4	0.296576	-5.278643
8706.9	0.157492	-8.027411
8716.5	0.053266	-12.735538
8726.0	0.209095	-6.796555
8735.5	0.448222	-3.485069
8745.1	0.444210	-3.524113
8754.6	0.259104	-5.865262
8764.2	0.499665	-3.013211
8773.7	0.377037	-4.236157
8783.2	0.031295	-15.045259
8792.8	0.131417	-8.813499
8802.3	0.245248	-6.103945
8811.8	0.174004	-7.594417
8821.4	0.129877	-8.864674
8830.9	0.277610	-5.565644
8840.4	0.204511	-6.892827
8850.0	0.318865	-4.963933
8859.5	0.249443	-6.030283
8869.1	0.014155	-18.490801
8878.6	0.431685	-3.648329
8888.1	0.544171	-2.642646
8897.7	0.255553	-5.925192
8907.2	0.137398	-8.620200
8916.7	0.371157	-4.304418
8926.3	0.367048	-4.352774
8935.8	0.109128	-9.620652
8945.4	0.257863	-5.886102
8954.9	0.430309	-3.662197
8964.4	0.190281	-7.206057
8974.0	0.257670	-5.889362
8983.5	0.124376	-9.052622
8993.0	0.393179	-4.054098
9002.6	0.209931	-6.779243
9012.1	0.049644	-13.041310
9021.6	0.272048	-5.653545
9031.2	0.405802	-3.916860
9040.7	0.365372	-4.372650
9050.3	0.287728	-5.410185
9059.8	0.307389	-5.123117
9069.3	0.426763	-3.698128
9078.9	0.243280	-6.138939
9088.4	0.116651	-9.331108
9097.9	0.076583	-11.158701
9107.5	0.142491	-8.462118
9117.0	0.328009	-4.841138
9126.5	0.438980	-3.575556
9136.1	0.417311	-3.795399
9145.6	0.388793	-4.102819
9155.2	0.230024	-6.382269
9164.7	0.246457	-6.082590
9174.2	0.293653	-5.321651
9183.8	0.377933	-4.225849
9193.3	0.212215	-6.732230
9202.8	0.312906	-5.045858
9212.4	0.271354	-5.664642
9221.9	0.187894	-7.260860
9231.4	0.255172	-5.931663
9241.0	0.492565	-3.075366
9250.5	0.380736	-4.193759
9260.1	0.480366	-3.184278
9269.6	0.306116	-5.141138
9279.1	0.079064	-11.020230
9288.7	0.104569	-9.805979
9298.2	0.083097	-10.804169
9307.7	0.153475	-8.139618
9317.3	0.306963	-5.129135
9326.8	0.148057	-8.295718
9336.4	0.091013	-10.408973
9345.9	0.269501	-5.694394
9355.4	0.386976	-4.123158
9365.0	0.087268	-10.591455
9374.5	0.205144	-6.879416
9384.0	0.245310	-6.102839
9393.6	0.492197	-3.078608
9403.1	0.225077	-6.476696
9412.6	0.269888	-5.688162
9422.2	0.413473	-3.835531
9431.7	0.360972	-4.425263
9441.3	0.610658	-2.142023
9450.8	0.121222	-9.164202
9460.3	0.521171	-2.830201
9469.9	0.393167	-4.054226
9479.4	0.118986	-9.245039
9488.9	0.229759	-6.387268
9498.5	0.153492	-8.139148
9508.0	0.156508	-8.054643
9517.5	0.368150	-4.339752
9527.1	0.341473	-4.666441
9536.6	0.178620	-7.480710
9546.2	0.296098	-5.285645
9555.7	0.250025	-6.020170
9565.2	0.252363	-5.979752
9574.8	0.204665	-6.889565
9584.3	0.212423	-6.727982
9593.8	0.266694	-5.739866
9603.4	0.356236	-4.482626
9612.9	0.295595	-5.293035
9622.5	0.397679	-4.004674
9632.0	0.205946	-6.862464
9641.5	0.276773	-5.578760
9651.1	0.327565	-4.847030
9660.6	0.501342	-2.998660
9670.1	0.237819	-6.237543
9679.7	0.273859	-5.624731
9689.2	0.464742	-3.327885
9698.7	0.532082	-2.740212
9708.3	0.362807	-4.403245
9717.8	0.162027	-7.904113
9727.4	0.135373	-8.684690
9736.9	0.204207	-6.899286
9746.4	0.200598	-6.976734
9756.0	0.193323	-7.137167
