SampleRate=19531, frq_max = 57.2, mag_max = 10780.920898
Freq	Mag	Mag(dB)
0.0	1221.843384	30.870155
9.5	2044.375366	33.105606
19.1	1300.919922	31.142506
28.6	1239.971924	30.934120
38.1	618.123108	27.910749
47.7	7161.818848	38.550232
57.2	10780.920898	40.326557
66.8	3358.071533	35.260899
76.3	4637.078613	36.662445
85.8	2771.480713	34.427116
95.4	813.850830	29.105450
104.9	2965.984619	34.721687
114.4	4887.032227	36.890453
124.0	2828.984131	34.516304
133.5	989.998230	29.956345
143.0	1986.467773	32.980812
152.6	2519.567139	34.013260
162.1	2297.770508	33.613068
171.7	1371.973755	31.373459
181.2	2336.487305	33.685635
190.7	4944.691895	36.941391
200.3	4601.805176	36.629284
209.8	2712.138916	34.333118
219.3	1945.798706	32.890976
228.9	2157.474854	33.339458
238.4	1860.650146	32.696648
248.0	1015.281555	30.065865
257.5	2039.209106	33.094620
267.0	3264.225586	35.137802
276.6	2454.637695	33.899876
286.1	1217.514893	30.854742
295.6	618.476196	27.913229
305.2	546.419189	27.375259
314.7	836.616516	29.225264
324.2	1068.342285	30.287104
333.8	837.501160	29.229853
343.3	1147.365356	30.597017
352.9	1137.307617	30.558779
362.4	575.257446	27.598621
371.9	2659.567627	34.248112
381.5	2580.946533	34.117790
391.0	494.728851	26.943672
400.5	771.878662	28.875488
410.1	395.691284	25.973566
419.6	359.828094	25.560951
429.1	1017.511597	30.075394
438.7	972.168213	29.877415
448.2	721.877014	28.584633
457.8	626.919006	27.972115
467.3	102.590019	20.111050
476.8	374.074799	25.729584
486.4	878.750061	29.438652
495.9	904.960022	29.566292
505.4	1125.253784	30.512505
515.0	952.563171	29.788937
524.5	1046.491821	30.197357
534.1	693.722473	28.411858
543.6	808.177734	29.075069
553.1	775.212952	28.894211
562.7	453.538605	26.566143
572.2	405.001740	26.074570
581.7	656.478027	28.172203
591.3	678.492920	28.315453
600.8	936.879456	29.716837
610.3	923.118042	29.652573
619.9	1818.459595	32.597038
629.4	1092.167358	30.382893
639.0	568.412476	27.546637
648.5	723.926880	28.596947
658.0	508.235840	27.060652
667.6	1127.672363	30.521830
677.1	699.105225	28.445425
686.6	528.544983	27.230820
696.2	1185.487793	30.738972
705.7	1516.231934	31.807655
715.2	1187.039429	30.744650
724.8	611.229004	27.862038
734.3	553.178467	27.428654
743.9	796.322388	29.010889
753.4	763.518738	28.828197
762.9	318.669250	25.033401
772.5	67.685844	18.304979
782.0	391.050446	25.922327
791.5	550.905701	27.410772
801.1	288.781891	24.605698
810.6	552.476196	27.423136
820.1	884.501038	29.466984
829.7	609.885559	27.852482
839.2	284.666016	24.543358
848.8	770.493225	28.867687
858.3	866.523010	29.377802
867.8	159.338791	22.023216
877.4	358.598175	25.546082
886.9	812.265015	29.096977
896.4	553.170837	27.428593
906.0	221.103088	23.445948
915.5	360.588837	25.570124
925.1	815.542542	29.114466
934.6	959.254028	29.819336
944.1	673.099182	28.280790
953.7	238.891434	23.782005
963.2	561.399048	27.492716
972.7	525.251648	27.203674
982.3	275.164948	24.395931
991.8	579.881592	27.633392
1001.3	632.836487	28.012915
1010.9	460.088013	26.628408
1020.4	674.645569	28.290756
1030.0	380.641968	25.805166
1039.5	131.587418	21.192142
1049.0	482.594727	26.835825
1058.6	531.949280	27.258701
1068.1	202.893250	23.072678
1077.6	128.471924	21.088083
1087.2	137.771454	21.391592
1096.7	706.026062	28.488207
1106.2	831.067688	29.196365
1115.8	243.036926	23.856724
1125.3	360.387024	25.567692
1134.9	671.782532	28.272287
1144.4	750.122803	28.751324
1153.9	445.256470	26.486101
1163.5	89.509949	19.518713
1173.0	459.304657	26.621008
1182.5	483.688446	26.845657
1192.1	290.473877	24.631071
1201.6	148.326721	21.712193
1211.2	556.694031	27.456167
1220.7	673.892822	28.285908
1230.2	295.141205	24.700298
1239.8	257.841339	24.113525
1249.3	346.266388	25.394104
1258.8	432.995178	26.364832
1268.4	894.913879	29.517813
1277.9	403.452667	26.057926
1287.4	364.863892	25.621309
1297.0	719.484436	28.570213
1306.5	367.654358	25.654396
1316.1	594.863770	27.744177
1325.6	747.085571	28.733704
1335.1	224.830536	23.518553
1344.7	406.429047	26.089848
1354.2	1197.741821	30.783632
1363.7	856.784241	29.328712
1373.3	421.461304	26.247578
1382.8	511.667999	27.089882
1392.3	348.214691	25.418470
1401.9	371.618317	25.700972
1411.4	246.622620	23.920328
1421.0	262.885132	24.197659
1430.5	154.628815	21.892906
1440.0	135.724274	21.326576
1449.6	166.752945	22.220736
1459.1	32.096222	15.064539
1468.6	238.075500	23.767147
1478.2	160.641418	22.058575
1487.7	202.740448	23.069403
1497.2	496.653778	26.960537
1506.8	364.797272	25.620516
1516.3	41.194565	16.148399
1525.9	160.955002	22.067043
1535.4	136.527588	21.352205
1544.9	259.579102	24.142696
1554.5	390.504120	25.916256
1564.0	310.745667	24.924051
1573.5	48.423935	16.850601
1583.1	123.959793	20.932808
1592.6	198.795853	22.984074
1602.2	252.769485	24.027248
1611.7	203.065216	23.076355
1621.2	300.325317	24.775921
1630.8	218.603195	23.396566
1640.3	210.329437	23.229000
1649.8	488.503265	26.888676
1659.4	236.765366	23.743181
1668.9	41.432941	16.173458
1678.4	331.772186	25.208399
1688.0	557.982239	27.466204
1697.5	422.113770	26.254295
1707.1	364.399414	25.615778
1716.6	350.472076	25.446533
1726.1	688.315125	28.377874
1735.7	551.779907	27.417660
1745.2	478.978333	26.803160
1754.7	328.385925	25.163845
1764.3	209.807587	23.218212
1773.8	248.522568	23.953659
1783.3	89.034042	19.495562
1792.9	424.042175	26.274090
1802.4	309.205505	24.902473
1812.0	127.928070	21.069658
1821.5	289.270813	24.613047
1831.0	300.978394	24.785355
1840.6	83.800354	19.232460
1850.1	373.422821	25.722008
1859.6	315.323151	24.987560
1869.2	18.211252	12.603398
1878.7	137.174057	21.372719
1888.3	405.283264	26.077587
1897.8	339.673706	25.310619
1907.3	196.995499	22.944563
1916.9	27.184902	14.343279
1926.4	92.062897	19.640846
1935.9	66.287636	18.214325
1945.5	108.085579	20.337677
1955.0	123.544930	20.918251
1964.5	175.530609	22.443527
1974.1	266.089233	24.250275
1983.6	98.071274	19.915419
1993.2	92.592682	19.665768
2002.7	96.374153	19.839607
2012.2	187.618027	22.732746
2021.8	114.884201	20.602604
2031.3	189.677658	22.780161
2040.8	226.174515	23.544436
2050.4	209.189453	23.205397
2059.9	56.136936	17.492487
2069.4	146.661423	21.663158
2079.0	134.608627	21.290730
2088.5	174.146881	22.409157
2098.1	239.844727	23.799303
2107.6	169.040115	22.279896
2117.1	59.335274	17.733130
2126.7	109.997215	20.413816
2136.2	192.559769	22.845654
2145.7	230.080750	23.618803
2155.3	103.887314	20.165625
2164.8	158.727386	22.006519
2174.3	249.940445	23.978367
2183.9	131.121933	21.176754
2193.4	30.024220	14.774717
2203.0	116.231773	20.653248
2212.5	183.186249	22.628929
2222.0	278.099609	24.442003
2231.6	170.523972	22.317856
2241.1	105.841438	20.246559
2250.6	136.906296	21.364233
2260.2	110.106316	20.418121
2269.7	193.884201	22.875423
2279.3	268.648682	24.291847
2288.8	109.070572	20.377075
2298.3	103.056938	20.130772
2307.9	58.436787	17.666862
2317.4	157.440521	21.971167
2326.9	246.049286	23.910221
2336.5	311.295013	24.931721
2346.0	233.757263	23.687651
2355.5	112.212219	20.500402
2365.1	128.837692	21.100430
2374.6	116.359406	20.658014
2384.2	70.777802	18.498970
2393.7	158.647507	22.004333
2403.2	180.134155	22.555962
2412.8	201.929504	23.051998
2422.3	140.559418	21.478600
2431.8	218.044449	23.385450
2441.4	168.874207	22.275635
2450.9	36.592686	15.633944
2460.4	82.290314	19.153488
2470.0	106.336792	20.266836
2479.5	250.920944	23.995369
2489.1	142.739700	21.545448
2498.6	114.651733	20.593805
2508.1	188.619843	22.755873
2517.7	265.261810	24.236748
2527.2	203.831985	23.092724
2536.7	96.133255	19.828737
2546.3	197.203354	22.949142
2555.8	59.320312	17.732033
2565.4	199.627426	23.002203
2574.9	158.774689	22.007812
2584.4	128.615204	21.092922
2594.0	186.193787	22.699652
2603.5	213.826813	23.300621
2613.0	156.953445	21.957706
2622.6	96.278809	19.835308
2632.1	211.144272	23.245792
2641.6	194.771149	22.895245
2651.2	147.517685	21.688440
2660.7	77.630127	18.900303
2670.3	76.872749	18.857725
2679.8	142.697189	21.544153
2689.3	143.795074	21.577438
2698.9	124.381599	20.947561
2708.4	78.379967	18.942051
2717.9	102.276733	20.097769
2727.5	128.199020	21.078846
2737.0	98.207321	19.921438
2746.5	54.992855	17.403063
2756.1	89.170311	19.502203
2765.6	166.263687	22.207973
2775.2	119.277885	20.765600
2784.7	221.877670	23.461136
2794.2	184.143723	22.651569
2803.8	108.973045	20.373192
2813.3	139.435074	21.443720
2822.8	267.935059	24.280296
2832.4	244.681000	23.886003
2841.9	184.867508	22.668606
2851.4	176.464859	22.466583
2861.0	87.295547	19.409922
2870.5	75.357483	18.771263
2880.1	100.346008	20.015001
2889.6	77.298904	18.881733
2899.1	48.826794	16.886581
2908.7	98.319016	19.926374
2918.2	101.528755	20.065891
2927.7	138.621109	21.418293
2937.3	94.290482	19.744678
2946.8	65.281708	18.147915
2956.4	77.158829	18.873856
2965.9	71.881729	18.566185
2975.4	47.700012	16.785185
2985.0	123.046440	20.900690
2994.5	113.221275	20.539282
3004.0	130.592743	21.159191
3013.6	183.640945	22.639694
3023.1	81.910789	19.133411
3032.6	90.634956	19.572958
3042.2	182.175461	22.604900
3051.7	216.530472	23.355190
3061.3	222.753571	23.478245
3070.8	66.745888	18.244246
3080.3	131.231430	21.180380
3089.9	174.613815	22.420786
3099.4	54.199539	17.339956
3108.9	184.728500	22.665339
3118.5	197.311676	22.951529
3128.0	6.751650	8.294100
3137.5	148.614990	21.720627
3147.1	125.843025	20.998291
3156.6	45.145878	16.546181
3166.2	135.806091	21.329193
3175.7	216.263885	23.349840
3185.2	161.333786	22.077253
3194.8	114.469261	20.586889
3204.3	129.314209	21.116463
3213.8	73.029366	18.634975
3223.4	51.378975	17.107853
3232.9	44.985950	16.530769
3242.5	73.655876	18.672073
3252.0	89.140236	19.500736
3261.5	69.953003	18.448063
3271.1	200.220062	23.015076
3280.6	123.589310	20.919809
3290.1	52.110584	17.169260
3299.7	63.710648	18.042122
3309.2	38.928661	15.902695
3318.7	92.652283	19.668562
3328.3	81.125725	19.091585
3337.8	89.084557	19.498024
3347.4	161.121094	22.071524
3356.9	165.492767	22.187790
3366.4	131.862473	21.201212
3376.0	182.342636	22.608883
3385.5	120.264053	20.801357
3395.0	27.808983	14.441852
3404.6	188.385651	22.750477
3414.1	217.185364	23.368305
3423.6	81.395134	19.105984
3433.2	112.627640	20.516451
3442.7	15.535597	11.913280
3452.3	161.114609	22.071350
3461.8	146.471878	21.657543
3471.3	84.979866	19.293159
3480.9	68.088760	18.330753
3490.4	84.798439	19.283878
3499.9	153.797272	21.869486
3509.5	111.509377	20.473114
3519.0	54.306049	17.348482
3528.5	101.776237	20.076464
3538.1	90.215706	19.552822
3547.6	164.036865	22.149414
3557.2	126.249847	21.012308
3566.7	136.394714	21.347977
3576.2	102.161728	20.092884
3585.8	43.424774	16.377375
3595.3	130.205765	21.146301
3604.8	143.028183	21.554218
3614.4	69.811386	18.439262
3623.9	96.864456	19.861645
3633.5	124.892517	20.965364
3643.0	54.167591	17.337395
3652.5	37.765762	15.770983
3662.1	70.382271	18.474632
3671.6	188.276062	22.747952
3681.1	198.559128	22.978899
3690.7	161.353043	22.077772
3700.2	30.746847	14.878006
3709.7	74.316124	18.710831
3719.3	72.273239	18.589775
3728.8	92.336960	19.653755
3738.4	69.537338	18.422180
3747.9	75.110222	18.756990
3757.4	146.039597	21.644707
3767.0	53.773582	17.305691
3776.5	90.871605	19.584282
3786.0	159.431152	22.025734
3795.6	89.256279	19.506388
3805.1	72.005875	18.573681
3814.6	129.231140	21.113672
3824.2	57.856426	17.623516
3833.7	51.360928	17.106327
3843.3	23.294313	13.672500
3852.8	69.701256	18.432405
3862.3	108.281784	20.345554
3871.9	164.207901	22.153940
3881.4	123.645302	20.921776
3890.9	86.939171	19.392155
3900.5	90.077179	19.546148
3910.0	147.291061	21.681765
3919.6	187.087891	22.720455
3929.1	123.823135	20.928019
3938.6	76.507385	18.837034
3948.2	88.784866	19.483391
3957.7	53.304569	17.267645
3967.2	7.499027	8.750049
3976.8	84.219498	19.254128
3986.3	172.197952	22.360279
3995.8	154.935226	21.901503
4005.4	104.011971	20.170834
4014.9	21.102983	13.243438
4024.5	83.416237	19.212505
4034.0	200.036057	23.011084
4043.5	117.750725	20.709637
4053.1	35.244808	15.470952
4062.6	56.682766	17.534510
4072.1	31.218481	14.944118
4081.7	71.803894	18.561480
4091.2	58.703278	17.686623
4100.7	18.924871	12.770329
4110.3	95.797783	19.813555
4119.8	103.972076	20.169167
4129.4	42.791302	16.313555
4138.9	78.571030	18.952625
4148.4	110.048744	20.415852
4158.0	87.294991	19.409893
4167.5	76.785774	18.852808
4177.0	55.815418	17.467541
4186.6	55.272751	17.425110
4196.1	28.862955	14.603407
4205.6	64.125488	18.070307
4215.2	39.799431	15.998769
4224.7	64.932289	18.124607
4234.3	93.560112	19.710907
4243.8	88.581413	19.473427
4253.3	118.311989	20.730288
4262.9	162.454956	22.107330
4272.4	191.452820	22.820618
4281.9	150.382446	21.771973
4291.5	95.242821	19.788322
4301.0	62.810959	17.980354
4310.6	45.700390	16.599199
4320.1	68.562691	18.360878
4329.6	93.406273	19.703760
4339.2	44.746773	16.507618
4348.7	59.876770	17.772583
4358.2	83.065254	19.194195
4367.8	49.781601	16.970688
4377.3	71.490547	18.542486
4386.8	98.532646	19.935801
4396.4	67.994507	18.324739
4405.9	105.623138	20.237591
4415.5	100.087524	20.003799
4425.0	10.361519	10.154234
4434.5	106.759666	20.284071
4444.1	152.648956	21.836939
4453.6	113.710655	20.558012
4463.1	54.516651	17.365292
4472.7	58.410130	17.664883
4482.2	23.316631	13.676658
4491.7	117.654114	20.706072
4501.3	45.687027	16.597929
4510.8	14.544502	11.626988
4520.4	78.400391	18.943182
4529.9	151.094055	21.792473
4539.4	203.336136	23.082146
4549.0	152.267014	21.826057
4558.5	20.416386	13.099789
4568.0	74.208153	18.704515
4577.6	46.953617	16.716690
4587.1	17.976303	12.547005
4596.7	62.694134	17.972269
4606.2	97.758568	19.901548
4615.7	67.590645	18.298866
4625.3	46.196846	16.646122
4634.8	119.768288	20.783421
4644.3	157.087723	21.961422
4653.9	48.811699	16.885239
4663.4	76.941986	18.861633
4672.9	99.137642	19.962385
4682.5	43.612629	16.396122
4692.0	82.901291	19.185614
4701.6	106.216553	20.261921
4711.1	74.020836	18.693541
4720.6	73.939453	18.688763
4730.2	5.416461	7.337156
4739.7	32.138107	15.070204
4749.2	35.871662	15.547515
4758.8	46.997250	16.720724
4768.3	24.564356	13.903054
4777.8	43.059681	16.340710
4787.4	77.908272	18.915836
4796.9	28.940489	14.615059
4806.5	16.083067	12.063689
4816.0	76.774849	18.852190
4825.5	40.965195	16.124151
4835.1	45.304420	16.561405
4844.6	46.090736	16.636137
4854.1	36.662224	15.642187
4863.7	100.268997	20.011665
4873.2	143.353043	21.564068
4882.8	102.409592	20.103407
4892.3	30.425907	14.832436
4901.8	54.016411	17.325256
4911.4	90.710976	19.576599
4920.9	53.850342	17.311886
4930.4	76.904053	18.859493
4940.0	121.894890	20.859854
4949.5	72.522614	18.604734
4959.0	15.061070	11.778559
4968.6	101.589760	20.068501
4978.1	66.634041	18.236961
4987.7	103.314331	20.141605
4997.2	138.050842	21.400391
5006.7	84.878975	19.288002
5016.3	54.478889	17.362282
5025.8	43.405582	16.375456
5035.3	24.310469	13.857933
5044.9	27.075960	14.325838
5054.4	107.458511	20.312408
5063.9	136.373764	21.347309
5073.5	38.687641	15.875722
5083.0	116.143097	20.649933
5092.6	129.820312	21.133427
5102.1	79.865585	19.023598
5111.6	12.826361	11.081036
5121.2	86.035606	19.346783
5130.7	77.195251	18.875906
5140.2	59.329647	17.732718
5149.8	134.538528	21.288467
5159.3	78.932442	18.972555
5168.8	25.288116	14.029164
5178.4	44.254375	16.459562
5187.9	23.688883	13.745446
5197.5	42.353195	16.268862
5207.0	53.351841	17.271494
5216.5	96.109970	19.827684
5226.1	54.847775	17.391590
5235.6	72.064545	18.577217
5245.1	132.775421	21.231176
5254.7	90.310165	19.557365
5264.2	62.344601	17.947989
5273.8	31.644814	15.003025
5283.3	76.416092	18.831848
5292.8	101.045135	20.045155
5302.4	64.138710	18.071201
5311.9	44.317894	16.465792
5321.4	28.719227	14.581728
5331.0	44.333538	16.467323
5340.5	45.293571	16.560366
5350.0	33.628143	15.267029
5359.6	95.297836	19.790831
5369.1	97.588730	19.893997
5378.7	5.176539	7.140396
5388.2	43.716976	16.406502
5397.7	77.600403	18.898640
5407.3	78.181580	18.931044
5416.8	43.476318	16.382526
5426.3	90.128746	19.548634
5435.9	107.049469	20.295845
5445.4	94.150131	19.738209
5454.9	61.844227	17.912992
5464.5	28.561556	14.557819
5474.0	29.077562	14.635580
5483.6	37.743668	15.768441
5493.1	25.789829	14.114485
5502.6	40.522701	16.076984
5512.2	47.203327	16.739727
5521.7	6.794868	8.321810
5531.2	44.928333	16.525204
5540.8	15.955050	12.028982
5550.3	58.972733	17.706512
5559.9	72.594902	18.609062
5569.4	16.813595	12.256605
5578.9	46.835217	16.705725
5588.5	108.915993	20.370918
5598.0	132.806305	21.232187
5607.5	73.578278	18.667496
5617.1	82.903206	19.185713
5626.6	121.169708	20.833941
5636.1	72.938660	18.629578
5645.7	31.307768	14.956521
5655.2	33.625862	15.266734
5664.8	57.774204	17.617340
5674.3	71.171005	18.523031
5683.8	58.383835	17.662926
5693.4	53.777100	17.305973
5702.9	45.377758	16.568430
5712.4	22.033630	13.430861
5722.0	27.299917	14.361612
5731.5	25.746002	14.107099
5741.0	27.902098	14.456368
5750.6	73.995766	18.692070
5760.1	68.647057	18.366219
5769.7	38.187038	15.819160
5779.2	36.768814	15.654797
5788.7	31.347252	14.961995
5798.3	28.195675	14.501824
5807.8	43.747143	16.409496
5817.3	56.713245	17.536846
5826.9	94.476891	19.753256
5836.4	75.832863	18.798574
5845.9	48.943790	16.896976
5855.5	43.247250	16.359585
5865.0	6.998307	8.449930
5874.6	32.572224	15.128474
5884.1	49.728046	16.966015
5893.6	18.275141	12.618608
5903.2	55.946407	17.477722
5912.7	9.545505	9.797989
5922.2	43.581821	16.393053
5931.8	8.086443	9.077576
5941.3	60.398994	17.810297
5950.9	86.003174	19.345146
5960.4	95.425705	19.796654
5969.9	53.374424	17.273333
5979.5	40.354591	16.058929
5989.0	34.969074	15.436841
5998.5	20.647348	13.148643
6008.1	55.148033	17.415300
6017.6	49.777050	16.970291
6027.1	23.231688	13.660808
6036.7	27.329586	14.366331
6046.2	63.584061	18.033484
6055.8	90.721756	19.577114
6065.3	105.941566	20.250664
6074.8	112.906021	20.527172
6084.4	43.050564	16.339788
6093.9	60.257504	17.800112
6103.4	62.641037	17.968590
6113.0	65.971184	18.193542
6122.5	52.006966	17.160614
6132.0	3.485493	5.422643
6141.6	51.321518	17.102995
6151.1	30.751619	14.878679
6160.7	85.898727	19.339867
6170.2	56.942791	17.554388
6179.7	24.485031	13.889007
6189.3	33.173813	15.207953
6198.8	40.231510	16.045664
6208.3	49.323135	16.930506
6217.9	55.961254	17.478874
6227.4	23.483290	13.707589
6237.0	37.019566	15.684313
6246.5	73.888039	18.685741
6256.0	87.590454	19.424568
6265.6	59.511215	17.745989
6275.1	32.277035	15.088936
6284.6	42.366840	16.270260
6294.2	36.498516	15.622751
6303.7	8.508141	9.298347
6313.2	21.783579	13.381292
6322.8	52.682983	17.216703
6332.3	52.046154	17.163887
6341.9	45.681339	16.597387
6351.4	29.171499	14.649588
6360.9	22.960594	13.609831
6370.5	33.938446	15.306920
6380.0	46.060474	16.633284
6389.5	10.259719	10.111355
6399.1	38.263912	15.827894
6408.6	52.897820	17.234379
6418.1	70.156662	18.460690
6427.7	61.437443	17.884331
6437.2	19.826218	12.972399
6446.8	36.602409	15.635098
6456.3	50.066017	16.995430
6465.8	33.446796	15.243546
6475.4	23.053257	13.627323
6484.9	63.899807	18.054996
6494.4	72.114708	18.580238
6504.0	63.328819	18.016014
6513.5	20.875565	13.196383
6523.0	62.656139	17.969637
6532.6	71.743546	18.557829
6542.1	101.764236	20.075951
6551.7	711.324707	28.520679
6561.2	1947.886841	32.895638
6570.7	1219.813232	30.862934
6580.3	141.517288	21.508095
6589.8	17.504782	12.431566
6599.3	91.982864	19.637070
6608.9	86.426384	19.366463
6618.4	55.036304	17.406492
6628.0	26.082527	14.163496
6637.5	9.661375	9.850389
6647.0	34.898441	15.428061
6656.6	27.594751	14.408265
6666.1	25.370760	14.043335
6675.6	67.060921	18.264696
6685.2	43.268303	16.361698
6694.7	27.496563	14.392784
6704.2	30.602928	14.857630
6713.8	44.404854	16.474304
6723.3	45.087097	16.540524
6732.9	41.787121	16.210424
6742.4	63.135223	18.002718
6751.9	62.108395	17.931503
6761.5	47.538078	16.770416
6771.0	38.981075	15.908538
6780.5	32.117641	15.067436
6790.1	24.778948	13.940829
6799.6	72.837021	18.623522
6809.1	83.166321	19.199474
6818.7	58.209202	17.649916
6828.2	50.643867	17.045269
6837.8	42.945023	16.329128
6847.3	35.210915	15.466774
6856.8	14.605634	11.645204
6866.4	30.006880	14.772207
6875.9	60.038376	17.784288
6885.4	89.223633	19.504799
6895.0	95.518196	19.800861
6904.5	107.171379	20.300789
6914.1	60.981415	17.851974
6923.6	51.002213	17.075890
6933.1	52.062916	17.165283
6942.7	54.871021	17.393431
6952.2	73.372330	18.655323
6961.7	64.050194	18.065205
6971.3	29.049471	14.631382
6980.8	7.443433	8.717732
6990.3	57.099030	17.566288
6999.9	42.560570	16.290075
7009.4	17.211222	12.358117
7019.0	18.402029	12.648658
7028.5	28.529161	14.552890
7038.0	23.029423	13.622829
7047.6	15.143788	11.802345
7057.1	53.069168	17.248423
7066.6	53.825817	17.309906
7076.2	56.087341	17.488649
7085.7	92.823486	19.676579
7095.2	73.398300	18.656860
7104.8	67.650635	18.302719
7114.3	43.620235	16.396881
7123.9	31.641747	15.002604
7133.4	72.674324	18.613811
7142.9	95.579094	19.803629
7152.5	80.891411	19.079023
7162.0	69.833504	18.440639
7171.5	53.201077	17.259205
7181.1	4.491958	6.524357
7190.6	16.317587	12.126559
7200.1	7.201327	8.574125
7209.7	44.847031	16.517336
7219.2	69.142944	18.397480
7228.8	23.532629	13.716705
7238.3	38.855965	15.894577
7247.8	59.784260	17.765869
7257.4	27.641739	14.415654
7266.9	70.113907	18.458042
7276.4	89.766037	19.531120
7286.0	53.803276	17.308086
7295.5	18.159636	12.591071
7305.1	54.227474	17.342194
7314.6	61.578342	17.894279
7324.1	26.903189	14.298038
7333.7	9.172480	9.624867
7343.2	23.873793	13.779215
7352.7	31.905191	15.038614
7362.3	14.309472	11.556236
7371.8	13.401584	11.271562
7381.3	58.172119	17.647150
7390.9	84.575806	19.272461
7400.4	84.453201	19.266161
7410.0	50.663883	17.046984
7419.5	27.471355	14.388801
7429.0	17.774666	12.498014
7438.6	15.964018	12.031422
7448.1	17.937038	12.537508
7457.6	21.534908	13.331430
7467.2	12.695315	11.036435
7476.7	35.171013	15.461849
7486.2	63.408794	18.021496
7495.8	55.043167	17.407034
7505.3	47.360714	16.754183
7514.9	34.364056	15.361044
7524.4	26.452354	14.224644
7533.9	6.484088	8.118489
7543.5	23.222256	13.659044
7553.0	58.197388	17.649036
7562.5	73.249779	18.648064
7572.1	55.329323	17.429554
7581.6	45.287807	16.559813
7591.2	40.012032	16.021906
7600.7	45.280441	16.559107
7610.2	6.696769	8.258654
7619.8	47.923767	16.805510
7629.3	42.414738	16.275167
7638.8	1.416570	1.512382
7648.4	12.033402	10.803885
7657.9	34.164703	15.335777
7667.4	95.866722	19.816679
7677.0	107.208809	20.302305
7686.5	10.920732	10.382518
7696.1	69.687492	18.431547
7705.6	30.636482	14.862390
7715.1	27.176199	14.341887
7724.7	24.128357	13.825277
7734.2	68.684082	18.368561
7743.7	52.307339	17.185627
7753.3	33.682053	15.273986
7762.8	25.941368	14.139929
7772.3	33.026695	15.188651
7781.9	16.605553	12.202534
7791.4	38.206272	15.821347
7801.0	37.000843	15.682117
7810.5	17.497168	12.429677
7820.0	17.513092	12.433628
7829.6	21.314203	13.286691
7839.1	23.178432	13.650841
7848.6	44.985737	16.530748
7858.2	74.024078	18.693729
7867.7	57.409035	17.589802
7877.2	57.779739	17.617756
7886.8	21.711033	13.366805
7896.3	51.489422	17.117180
7905.9	67.444809	18.289486
7915.4	36.094128	15.574366
7924.9	42.783112	16.312723
7934.5	63.954304	18.058699
7944.0	49.702351	16.963770
7953.5	22.952951	13.608385
7963.1	14.125796	11.500130
7972.6	19.658592	12.935524
7982.2	58.126213	17.643721
7991.7	26.570786	14.244043
8001.2	11.568096	10.632619
8010.8	58.782307	17.692467
8020.3	40.960857	16.123692
8029.8	16.573380	12.194111
8039.4	45.375618	16.568226
8048.9	67.006332	18.261158
8058.4	23.725899	13.752227
8068.0	35.860901	15.546212
8077.5	27.325136	14.365623
8087.1	19.287657	12.852795
8096.6	18.967178	12.780027
8106.1	51.620853	17.128252
8115.7	51.496796	17.117802
8125.2	66.477325	18.226736
8134.7	59.418003	17.739182
8144.3	29.719374	14.730396
8153.8	32.812859	15.160440
8163.3	45.438862	16.574274
8172.9	50.761463	17.055342
8182.4	52.125080	17.170467
8192.0	48.854748	16.889069
8201.5	49.674160	16.961306
8211.0	44.248070	16.458942
8220.6	30.766220	14.880742
8230.1	36.678059	15.644064
8239.6	33.572067	15.259781
8249.2	47.266823	16.745564
8258.7	16.127731	12.075733
8268.2	16.837278	12.262718
8277.8	17.088270	12.326981
8287.3	47.529079	16.769594
8296.9	64.006783	18.062260
8306.4	46.702000	16.693356
8315.9	18.943239	12.774543
8325.5	45.232853	16.554539
8335.0	38.805336	15.888915
8344.5	6.520401	8.142743
8354.1	46.865162	16.708502
8363.6	60.941444	17.849129
8373.2	26.302883	14.200034
8382.7	30.970675	14.909507
8392.2	31.513575	14.984978
8401.8	30.696112	14.870834
8411.3	30.154957	14.793587
8420.8	10.614357	10.258937
8430.4	23.971430	13.796940
8439.9	19.151230	12.821966
8449.4	9.995353	9.997981
8459.0	38.696007	15.876661
8468.5	16.353580	12.136127
8478.1	7.982483	9.021379
8487.6	10.998890	10.413488
8497.1	24.811457	13.946523
8506.7	21.732740	13.371144
8516.2	9.350978	9.708570
8525.7	5.105920	7.080740
8535.3	61.952148	17.920565
8544.8	67.214432	18.274626
8554.3	36.684208	15.644791
8563.9	25.712742	14.101484
8573.4	22.864325	13.591584
8583.0	17.554144	12.443796
8592.5	24.178108	13.834224
8602.0	23.568846	13.723383
8611.6	40.185238	16.040665
8621.1	49.992096	16.989014
8630.6	36.742825	15.651726
8640.2	38.517330	15.856562
8649.7	20.519358	13.121637
8659.3	11.787128	10.714081
8668.8	30.372578	14.824818
8678.3	67.436729	18.288965
8687.9	66.211266	18.209320
8697.4	16.010046	12.043925
8706.9	43.908886	16.425524
8716.5	27.601397	14.409311
8726.0	8.921384	9.504322
8735.5	45.835495	16.612019
8745.1	37.699921	15.763405
8754.6	23.768015	13.759929
8764.2	46.195805	16.646025
8773.7	31.407391	14.970320
8783.2	34.400768	15.365682
8792.8	39.994659	16.020020
8802.3	23.130880	13.641921
8811.8	27.864136	14.450456
8821.4	11.064520	10.439325
8830.9	14.789579	11.699558
8840.4	58.940617	17.704147
8850.0	69.146828	18.397722
8859.5	28.126915	14.491220
8869.1	27.362207	14.371511
8878.6	41.300068	16.159508
8888.1	31.007652	14.914689
8897.7	22.403601	13.503179
8907.2	43.268635	16.361732
8916.7	63.871201	18.053051
8926.3	72.095406	18.579075
8935.8	28.409586	14.534650
8945.4	41.753510	16.206930
8954.9	83.838692	19.234446
8964.4	83.803619	19.232628
8974.0	58.573082	17.676981
8983.5	29.192808	14.652759
8993.0	31.297571	14.955106
9002.6	36.801510	15.658656
9012.1	38.651272	15.871638
9021.6	51.690765	17.134130
9031.2	23.617905	13.732414
9040.7	10.763802	10.319657
9050.3	9.342132	9.704460
9059.8	43.444996	16.379398
9069.3	58.676632	17.684652
9078.9	30.870584	14.895449
9088.4	8.240744	9.159664
9097.9	24.584566	13.906626
9107.5	54.814003	17.388914
9117.0	65.671753	18.173786
9126.5	56.270981	17.502844
9136.1	28.739845	14.584845
9145.6	5.465063	7.375951
9155.2	9.742851	9.886861
9164.7	14.881815	11.726560
9174.2	15.586629	11.927523
9183.8	10.658822	10.277092
9193.3	29.325851	14.672506
9202.8	74.032043	18.694197
9212.4	87.598061	19.424946
9221.9	70.963226	18.510334
9231.4	44.858677	16.518463
9241.0	24.607121	13.910608
9250.5	31.764465	15.019416
9260.1	38.075321	15.806436
9269.6	33.852058	15.295851
9279.1	36.640312	15.639591
9288.7	31.102943	14.928015
9298.2	18.974922	12.781800
9307.7	25.450937	14.057037
9317.3	34.031754	15.318843
9326.8	33.908726	15.303115
9336.4	32.419731	15.108094
9345.9	46.959286	16.717215
9355.4	64.596306	18.102077
9365.0	64.241379	18.078148
9374.5	39.832886	16.002419
9384.0	22.583124	13.537841
9393.6	11.545526	10.624137
9403.1	4.488948	6.521446
9412.6	9.665020	9.852028
9422.2	3.495809	5.435476
9431.7	22.143381	13.452439
9441.3	4.353629	6.388514
9450.8	49.274910	16.926258
9460.3	71.509659	18.543648
9469.9	55.110916	17.412376
9479.4	41.267441	16.156075
9488.9	7.141088	8.537643
9498.5	14.652089	11.658995
9508.0	28.658997	14.572610
9517.5	61.826687	17.911760
9527.1	47.310791	16.749603
9536.6	41.406605	16.170696
9546.2	27.973751	14.467507
9555.7	35.678986	15.524125
9565.2	42.335541	16.267052
9574.8	38.344246	15.837002
9584.3	39.943863	16.014502
9593.8	43.790115	16.413761
9603.4	72.175072	18.583872
9612.9	91.002823	19.590548
9622.5	69.766502	18.436470
9632.0	43.410236	16.375921
9641.5	38.678219	15.874664
9651.1	15.642526	11.943069
9660.6	46.748749	16.697701
9670.1	51.146107	17.088125
9679.7	39.849041	16.004179
9689.2	59.680450	17.758322
9698.7	51.626068	17.128691
9708.3	14.509984	11.616670
9717.8	36.092052	15.574116
9727.4	29.955141	14.764714
9736.9	37.516415	15.742214
9746.4	59.225842	17.725113
9756.0	46.212502	16.647594
