SampleRate=19531, frq_max = 0.0, mag_max = 8341473.500000
Freq	Mag	Mag(dB)
0.0	8341473.500000	69.212425
9.5	4171576.500000	66.203003
19.1	2854.427490	34.555191
28.6	7245.679688	38.600792
38.1	10470.023438	40.199474
47.7	10028.035156	40.012161
57.2	7224.190918	38.587891
66.8	7131.498535	38.531807
76.3	15149.080078	41.803860
85.8	6738.462402	38.285606
95.4	1300.804443	31.142120
104.9	1741.613525	32.409519
114.4	2338.100830	33.688633
124.0	1695.500610	32.292980
133.5	765.518188	28.839554
143.0	2490.020508	33.962029
152.6	2547.227783	34.060677
162.1	1061.198975	30.257969
171.7	3324.394531	35.217125
181.2	2148.975098	33.322311
190.7	8939.521484	39.513142
200.3	7263.881348	38.611687
209.8	8230.996094	39.154526
219.3	10142.889648	40.061615
228.9	6000.166016	37.781631
238.4	3959.755127	35.976685
248.0	6115.288574	37.864170
257.5	7327.691406	38.649670
267.0	5730.385254	37.581837
276.6	1927.910400	32.850868
286.1	1306.300903	31.160433
295.6	715.969604	28.548946
305.2	3767.561523	35.760605
314.7	5263.133301	37.212444
324.2	2896.609375	34.618900
333.8	1536.363281	31.864939
343.3	1739.443481	32.404102
352.9	1484.963257	31.717157
362.4	2450.293213	33.892181
371.9	2818.893799	34.500786
381.5	2979.411621	34.741306
391.0	4474.015137	36.506973
400.5	2295.653320	33.609062
410.1	1257.769775	30.996014
419.6	1402.478882	31.468964
429.1	1799.338257	32.551128
438.7	2993.989502	34.762501
448.2	2456.784912	33.903671
457.8	640.626526	28.066048
467.3	2958.042725	34.710045
476.8	4194.064453	36.226353
486.4	2837.588135	34.529491
495.9	2412.504883	33.824684
505.4	1753.109985	32.438091
515.0	2083.109863	33.187122
524.5	3772.368652	35.766140
534.1	1990.137329	32.988831
543.6	1120.759888	30.495127
553.1	1020.434998	30.087852
562.7	355.401031	25.507187
572.2	3295.275391	35.178917
581.7	4316.578125	36.351398
591.3	1548.278076	31.898489
600.8	4036.549805	36.060104
610.3	2761.889404	34.412064
619.9	1123.699829	30.506504
629.4	1424.538696	31.536741
639.0	352.253784	25.468557
648.5	1510.449097	31.791059
658.0	2523.101318	34.019348
667.6	699.552734	28.448204
677.1	511.127960	27.085297
686.6	2265.714844	33.552052
696.2	3311.926514	35.200806
705.7	1571.788208	31.963940
715.2	2610.214600	34.166763
724.8	2424.294922	33.845856
734.3	978.116028	29.903904
743.9	3126.904541	34.951145
753.4	3791.829590	35.788490
762.9	1542.286133	31.881649
772.5	1174.004517	30.696697
782.0	1387.194702	31.421375
791.5	1915.993530	32.823940
801.1	2042.442871	33.101498
810.6	2292.170898	33.602470
820.1	2026.441284	33.067341
829.7	729.378662	28.629530
839.2	1424.547729	31.536770
848.8	1527.495483	31.839800
858.3	874.522766	29.417709
867.8	814.817383	29.110603
877.4	2261.583252	33.544125
886.9	2508.428467	33.994019
896.4	2103.449463	33.229321
906.0	2001.201416	33.012909
915.5	1745.879395	32.420143
925.1	1883.993286	32.750793
934.6	3736.105957	35.724190
944.1	2071.426025	33.162693
953.7	1572.696045	31.966448
963.2	775.315796	28.894787
972.7	317.607910	25.018913
982.3	646.997925	28.109028
991.8	689.775513	28.387077
1001.3	853.160828	29.310310
1010.9	893.765198	29.512234
1020.4	377.238220	25.766159
1030.0	518.166443	27.144691
1039.5	744.414917	28.718149
1049.0	700.379517	28.453333
1058.6	256.436310	24.089794
1068.1	1369.538452	31.365742
1077.6	1696.689453	32.296024
1087.2	1314.541504	31.187744
1096.7	1845.034180	32.660042
1106.2	2149.620850	33.323620
1115.8	1292.914551	31.115700
1125.3	617.194153	27.904217
1134.9	1125.736206	30.514366
1144.4	1434.714844	31.567654
1153.9	994.593750	29.976460
1163.5	518.752930	27.149605
1173.0	1552.120972	31.909256
1182.5	2184.008301	33.392544
1192.1	2897.112305	34.619652
1201.6	2030.509766	33.076050
1211.2	903.611816	29.559820
1220.7	1545.300537	31.890129
1230.2	1958.881470	32.920082
1239.8	1602.485352	32.047943
1249.3	901.530945	29.549807
1258.8	896.071655	29.523428
1268.4	687.140137	28.370453
1277.9	1349.384155	31.301355
1287.4	1652.985840	32.182690
1297.0	764.586304	28.834265
1306.5	1209.125854	30.824717
1316.1	460.418915	26.631531
1325.6	424.374084	26.277489
1335.1	763.639893	28.828886
1344.7	776.005920	28.898649
1354.2	955.977356	29.804476
1363.7	1312.765259	31.181871
1373.3	1401.772461	31.466774
1382.8	1107.600342	30.443830
1392.3	186.851654	22.714970
1401.9	401.749451	26.039553
1411.4	1176.101929	30.704451
1421.0	1771.908569	32.484413
1430.5	1386.593018	31.419489
1440.0	918.386230	29.630253
1449.6	1021.104919	30.090704
1459.1	1721.089600	32.358032
1468.6	1077.970825	30.326071
1478.2	808.595642	29.077312
1487.7	1365.790283	31.353840
1497.2	1015.390747	30.066334
1506.8	1204.155029	30.806826
1516.3	1063.415649	30.267031
1525.9	1128.860229	30.526402
1535.4	893.493286	29.510914
1544.9	1098.498169	30.407993
1554.5	794.605774	29.001518
1564.0	449.992706	26.532055
1573.5	405.284637	26.077602
1583.1	87.262505	19.408278
1592.6	121.052299	20.829731
1602.2	598.726257	27.772284
1611.7	667.186401	28.242472
1621.2	592.722656	27.728516
1630.8	505.275360	27.035282
1640.3	479.886536	26.811386
1649.8	1253.920776	30.982702
1659.4	1159.386353	30.642282
1668.9	474.019623	26.757963
1678.4	457.805054	26.606806
1688.0	1071.797729	30.301128
1697.5	1204.587891	30.808384
1707.1	400.528717	26.026337
1716.6	302.243866	24.803574
1726.1	501.057312	26.998875
1735.7	917.179565	29.624542
1745.2	1061.957031	30.261068
1754.7	1017.355591	30.074728
1764.3	701.387939	28.459583
1773.8	306.369324	24.862453
1783.3	787.149414	28.960571
1792.9	603.932983	27.809887
1802.4	790.778625	28.980549
1812.0	713.245117	28.532389
1821.5	150.349670	21.771027
1831.0	707.623108	28.498020
1840.6	666.017090	28.234854
1850.1	465.406891	26.678329
1859.6	1336.713501	31.260384
1869.2	1337.233643	31.262074
1878.7	250.897339	23.994961
1888.3	755.683044	28.783398
1897.8	1434.759033	31.567791
1907.3	1260.015259	31.003759
1916.9	726.965576	28.615139
1926.4	551.380493	27.414515
1935.9	1023.052734	30.098980
1945.5	1096.079834	30.398422
1955.0	941.391724	29.737703
1964.5	1015.526917	30.066914
1974.1	1363.561279	31.346745
1983.6	1021.950806	30.094299
1993.2	461.715424	26.643744
2002.7	654.971924	28.162228
2012.2	985.208069	29.935280
2021.8	1137.705566	30.560299
2031.3	1046.649780	30.198013
2040.8	606.119751	27.825584
2050.4	614.165527	27.882854
2059.9	820.777832	29.142256
2069.4	311.849091	24.939444
2079.0	816.443176	29.119261
2088.5	1590.473511	32.015263
2098.1	853.858032	29.313858
2107.6	683.800659	28.349295
2117.1	1096.367798	30.399563
2126.7	1197.737305	30.783615
2136.2	406.281555	26.088272
2145.7	286.590332	24.572617
2155.3	188.261139	22.747608
2164.8	748.398621	28.741329
2174.3	685.197571	28.358158
2183.9	220.316132	23.430462
2193.4	474.622070	26.763479
2203.0	266.582794	24.258320
2212.5	260.822388	24.163448
2222.0	991.616943	29.963440
2231.6	1323.831787	31.218328
2241.1	721.853760	28.584492
2250.6	705.463928	28.484747
2260.2	819.868652	29.137442
2269.7	699.280884	28.446518
2279.3	332.821686	25.222115
2288.8	293.644806	24.678223
2298.3	449.788910	26.530087
2307.9	482.826233	26.837910
2317.4	841.864380	29.252422
2326.9	756.847900	28.790085
2336.5	471.743835	26.737062
2346.0	787.296387	28.961382
2355.5	436.333740	26.398186
2365.1	744.204041	28.716919
2374.6	953.545288	29.793413
2384.2	532.829956	27.265888
2393.7	327.386017	25.150602
2403.2	570.534058	27.562817
2412.8	306.591644	24.865604
2422.3	438.763519	26.422306
2431.8	323.355713	25.096806
2441.4	457.688232	26.605698
2450.9	471.533875	26.735130
2460.4	463.264679	26.658291
2470.0	834.782898	29.215736
2479.5	315.234741	24.986341
2489.1	804.649841	29.056070
2498.6	1262.397095	31.011961
2508.1	818.973694	29.132700
2517.7	367.118652	25.648064
2527.2	535.400391	27.286787
2536.7	448.950134	26.521980
2546.3	82.274895	19.152674
2555.8	132.294174	21.215408
2565.4	686.157288	28.364237
2574.9	664.167175	28.222773
2584.4	180.902863	22.574453
2594.0	231.138443	23.638723
2603.5	281.943726	24.501625
2613.0	204.119247	23.098841
2622.6	287.902252	24.592449
2632.1	627.199951	27.974060
2641.6	755.794434	28.784037
2651.2	130.124466	21.143589
2660.7	181.569778	22.590435
2670.3	320.051819	25.052204
2679.8	541.540527	27.336309
2689.3	524.915527	27.200893
2698.9	514.088257	27.110376
2708.4	246.333939	23.915243
2717.9	341.212067	25.330242
2727.5	348.405914	25.420855
2737.0	180.007309	22.552900
2746.5	663.403320	28.217775
2756.1	746.592102	28.730833
2765.6	332.070740	25.212307
2775.2	425.738190	26.291426
2784.7	822.728821	29.152567
2794.2	695.908447	28.425522
2803.8	430.463623	26.339363
2813.3	325.247223	25.122137
2822.8	468.657837	26.708561
2832.4	463.076477	26.656528
2841.9	173.090683	22.382736
2851.4	533.639893	27.272482
2861.0	1053.923706	30.228092
2870.5	897.780884	29.531704
2880.1	288.718018	24.604738
2889.6	341.521515	25.334183
2899.1	767.372620	28.850061
2908.7	645.996704	28.102303
2918.2	114.701973	20.595707
2927.7	450.103119	26.533119
2937.3	298.302002	24.746561
2946.8	247.610260	23.937685
2956.4	422.996490	26.263369
2965.9	303.484833	24.821369
2975.4	193.494568	22.866688
2985.0	118.926559	20.752789
2994.5	247.334076	23.932838
3004.0	306.403320	24.862936
3013.6	351.947998	25.464785
3023.1	717.014465	28.555279
3032.6	593.733643	27.735918
3042.2	436.737946	26.402208
3051.7	221.223770	23.448317
3061.3	330.531921	25.192135
3070.8	146.395523	21.655277
3080.3	449.387543	26.526211
3089.9	586.683899	27.684042
3099.4	825.024353	29.164667
3108.9	1232.007568	30.906134
3118.5	960.027161	29.822836
3128.0	183.123459	22.627439
3137.5	366.689240	25.642982
3147.1	278.795197	24.452854
3156.6	285.512726	24.556255
3166.2	294.635620	24.692852
3175.7	546.641235	27.377024
3185.2	795.854858	29.008339
3194.8	493.760559	26.935162
3204.3	218.136612	23.387287
3213.8	228.453903	23.587986
3223.4	183.261642	22.630714
3232.9	266.873047	24.263048
3242.5	441.752625	26.451794
3252.0	505.426483	27.036581
3261.5	295.248932	24.701883
3271.1	115.403954	20.622206
3280.6	115.483704	20.625208
3290.1	260.270935	24.154259
3299.7	533.851257	27.274204
3309.2	534.702393	27.281122
3318.7	263.457489	24.207106
3328.3	176.812469	22.475128
3337.8	234.918137	23.709166
3347.4	404.141571	26.065334
3356.9	439.547119	26.430054
3366.4	352.093658	25.466583
3376.0	111.808159	20.484735
3385.5	318.284882	25.028160
3395.0	339.079926	25.303020
3404.6	265.370453	24.238527
3414.1	118.870644	20.750748
3423.6	341.752930	25.337122
3433.2	497.852417	26.971006
3442.7	222.469925	23.472713
3452.3	152.276962	21.826342
3461.8	281.167786	24.489655
3471.3	247.199463	23.930475
3480.9	124.657356	20.957180
3490.4	381.548584	25.815498
3499.9	283.244202	24.521610
3509.5	297.585510	24.736118
3519.0	289.389740	24.614832
3528.5	303.546967	24.822258
3538.1	419.379608	26.226072
3547.6	267.948700	24.280518
3557.2	208.473404	23.190508
3566.7	130.090286	21.142448
3576.2	72.595337	18.609087
3585.8	287.620087	24.588192
3595.3	364.589752	25.618046
3604.8	388.562866	25.894613
3614.4	305.392609	24.848585
3623.9	217.369431	23.371984
3633.5	80.089943	19.035780
3643.0	267.071381	24.266273
3652.5	205.487305	23.127850
3662.1	356.224274	25.517235
3671.6	366.401459	25.639572
3681.1	207.130280	23.162437
3690.7	440.589996	26.440346
3700.2	348.964233	25.427809
3709.7	188.881271	22.761889
3719.3	288.307037	24.598553
3728.8	288.434784	24.600477
3738.4	332.106750	25.212776
3747.9	226.360565	23.548008
3757.4	132.554733	21.223953
3767.0	76.437202	18.833048
3776.5	385.553619	25.860847
3786.0	426.590424	26.300110
3795.6	583.721619	27.662058
3805.1	584.229614	27.665836
3814.6	304.756897	24.839535
3824.2	76.614410	18.843105
3833.7	225.670288	23.534744
3843.3	198.935150	22.987116
3852.8	155.409988	21.914789
3862.3	161.917389	22.092936
3871.9	125.428276	20.983953
3881.4	381.758942	25.817892
3890.9	177.474869	22.491369
3900.5	244.784210	23.887835
3910.0	100.881065	20.038097
3919.6	558.896423	27.473314
3929.1	378.346222	25.778894
3938.6	156.417252	21.942846
3948.2	113.592072	20.553478
3957.7	99.029160	19.957630
3967.2	213.389862	23.291739
3976.8	268.495636	24.289371
3986.3	270.564056	24.322701
3995.8	132.876129	21.234470
4005.4	73.539581	18.665211
4014.9	123.181870	20.905468
4024.5	146.250183	21.650965
4034.0	224.189545	23.506153
4043.5	142.071793	21.525078
4053.1	206.455978	23.148273
4062.6	142.463531	21.537037
4072.1	202.970291	23.074324
4081.7	33.332939	15.228737
4091.2	198.392395	22.975250
4100.7	226.386459	23.548506
4110.3	307.303925	24.875681
4119.8	244.469864	23.882254
4129.4	119.429474	20.771114
4138.9	76.727562	18.849514
4148.4	143.317551	21.562994
4158.0	115.429039	20.623150
4167.5	245.413239	23.898981
4177.0	108.375107	20.349295
4186.6	55.945782	17.477673
4196.1	155.874573	21.927753
4205.6	171.807480	22.350422
4215.2	138.361084	21.410139
4224.7	100.230927	20.010017
4234.3	115.075745	20.609838
4243.8	260.436340	24.157017
4253.3	119.214828	20.763302
4262.9	137.712189	21.389723
4272.4	112.378067	20.506817
4281.9	155.108109	21.906345
4291.5	260.828796	24.163555
4301.0	198.144012	22.969809
4310.6	231.803421	23.651199
4320.1	257.506653	24.107885
4329.6	196.324585	22.929747
4339.2	35.976196	15.560152
4348.7	242.396027	23.845255
4358.2	446.440979	26.497641
4367.8	511.203278	27.085936
4377.3	329.212463	25.174763
4386.8	94.139999	19.737741
4396.4	179.455246	22.539560
4405.9	271.171356	24.332438
4415.5	156.339783	21.940693
4425.0	504.304749	27.026930
4434.5	309.739349	24.909964
4444.1	219.357864	23.411531
4453.6	259.217072	24.136637
4463.1	169.409256	22.289371
4472.7	214.593781	23.316172
4482.2	202.203537	23.057888
4491.7	212.766937	23.279041
4501.3	179.536667	22.541533
4510.8	52.339825	17.188322
4520.4	189.044022	22.765629
4529.9	205.926575	23.137123
4539.4	97.791809	19.903025
4549.0	246.461426	23.917488
4558.5	208.725113	23.195745
4568.0	203.899521	23.094162
4577.6	140.970673	21.491287
4587.1	103.023209	20.129353
4596.7	128.144180	21.076988
4606.2	189.561798	22.777508
4615.7	149.680038	21.751640
4625.3	63.053123	17.997066
4634.8	144.498917	21.598646
4644.3	208.113571	23.183004
4653.9	257.888092	24.114313
4663.4	506.093201	27.042305
4672.9	343.212128	25.355625
4682.5	267.481354	24.272936
4692.0	378.665680	25.782558
4701.6	198.059860	22.967966
4711.1	271.303070	24.334547
4720.6	291.500641	24.646395
4730.2	222.527527	23.473837
4739.7	345.970886	25.390396
4749.2	365.887787	25.633478
4758.8	225.279816	23.527222
4768.3	337.328827	25.280535
4777.8	252.907150	24.029613
4787.4	223.421112	23.491241
4796.9	39.284126	15.942171
4806.5	233.807526	23.688585
4816.0	163.360687	22.131477
4825.5	285.905212	24.562222
4835.1	235.513962	23.720167
4844.6	354.553375	25.496817
4854.1	376.326416	25.755646
4863.7	223.208481	23.487108
4873.2	155.659485	21.921757
4882.8	262.908295	24.198044
4892.3	118.672745	20.743511
4901.8	196.293747	22.929066
4911.4	93.334816	19.700436
4920.9	246.174271	23.912428
4930.4	205.326599	23.124451
4940.0	100.296379	20.012854
4949.5	168.175644	22.257631
4959.0	133.220795	21.245720
4968.6	144.983643	21.613190
4978.1	266.846191	24.262609
4987.7	130.862061	21.168137
4997.2	47.284931	16.747229
5006.7	255.001129	24.065420
5016.3	166.214432	22.206688
5025.8	188.162231	22.745325
5035.3	132.850128	21.233620
5044.9	72.793663	18.620935
5054.4	121.251129	20.836859
5063.9	220.846420	23.440905
5073.5	63.079021	17.998850
5083.0	42.599628	16.294058
5092.6	135.881714	21.331612
5102.1	206.477158	23.148720
5111.6	307.193787	24.874125
5121.2	299.413635	24.762716
5130.7	274.274597	24.381857
5140.2	20.441187	13.105061
5149.8	280.516846	24.479589
5159.3	339.782318	25.312008
5168.8	365.280029	25.626259
5178.4	303.301147	24.818741
5187.9	128.075989	21.074677
5197.5	155.780304	21.925125
5207.0	208.159180	23.183956
5216.5	190.995911	22.810240
5226.1	166.411469	22.211834
5235.6	179.597290	22.542999
5245.1	320.142822	25.053436
5254.7	44.257767	16.459896
5264.2	119.405197	20.770233
5273.8	131.656311	21.194418
5283.3	136.878220	21.363344
5292.8	22.863394	13.591406
5302.4	149.589142	21.749001
5311.9	42.511642	16.285078
5321.4	134.261246	21.279507
5331.0	122.137093	20.868475
5340.5	72.510033	18.603981
5350.0	305.860229	24.855230
5359.6	395.012512	25.966108
5369.1	208.605469	23.193256
5378.7	237.128922	23.749846
5388.2	201.244431	23.037239
5397.7	51.585880	17.125309
5407.3	91.648994	19.621277
5416.8	61.788509	17.909077
5426.3	138.085663	21.401485
5435.9	131.228683	21.180288
5445.4	41.008198	16.128708
5454.9	164.998947	22.174812
5464.5	62.348774	17.948280
5474.0	167.775406	22.247284
5483.6	122.876808	20.894699
5493.1	104.962799	20.210354
5502.6	109.846397	20.407858
5512.2	252.202957	24.017502
5521.7	340.113708	25.316240
5531.2	75.312462	18.768669
5540.8	47.362347	16.754332
5550.3	173.708069	22.398201
5559.9	298.519562	24.749727
5569.4	186.842407	22.714756
5578.9	165.006638	22.175014
5588.5	192.413589	22.842358
5598.0	74.397209	18.715567
5607.5	73.429871	18.658728
5617.1	133.751144	21.262974
5626.6	125.662903	20.992071
5636.1	174.692001	22.422731
5645.7	145.555695	21.630291
5655.2	75.112968	18.757149
5664.8	242.205933	23.841848
5674.3	60.696602	17.831644
5683.8	231.675735	23.648806
5693.4	150.932785	21.787836
5702.9	21.003937	13.223007
5712.4	131.271835	21.181715
5722.0	198.092422	22.968678
5731.5	42.510502	16.284962
5741.0	195.854156	22.919329
5750.6	180.117554	22.555561
5760.1	213.676193	23.297562
5769.7	49.859043	16.977440
5779.2	104.403999	20.187170
5788.7	104.607834	20.195641
5798.3	113.084885	20.534046
5807.8	122.574211	20.883991
5817.3	120.223259	20.799885
5826.9	124.978447	20.968351
5836.4	251.587433	24.006889
5845.9	296.393372	24.718685
5855.5	150.964645	21.788752
5865.0	115.188042	20.614073
5874.6	251.476196	24.004971
5884.1	164.728455	22.167686
5893.6	84.724380	19.280085
5903.2	99.556404	19.980692
5912.7	154.053757	21.876724
5922.2	120.921051	20.825020
5931.8	122.264465	20.873003
5941.3	62.981621	17.992138
5950.9	112.271469	20.502693
5960.4	157.122589	21.962385
5969.9	156.660858	21.949606
5979.5	154.279068	21.883070
5989.0	71.011002	18.513256
5998.5	112.796638	20.522961
6008.1	255.638519	24.076263
6017.6	232.572144	23.665577
6027.1	15.047493	11.774641
6036.7	173.374847	22.389860
6046.2	157.702499	21.978386
6055.8	104.612442	20.195831
6065.3	54.425900	17.358057
6074.8	97.633667	19.895996
6084.4	101.973785	20.084887
6093.9	226.196121	23.544853
6103.4	158.144043	21.990528
6113.0	29.479706	14.695232
6122.5	114.717468	20.596294
6132.0	183.294449	22.631493
6141.6	213.451584	23.292995
6151.1	219.964584	23.423529
6160.7	226.807434	23.556574
6170.2	39.659733	15.983498
6179.7	54.433746	17.358683
6189.3	103.490097	20.148987
6198.8	224.134506	23.505087
6208.3	139.479889	21.445118
6217.9	82.268608	19.152342
6227.4	159.007721	22.014181
6237.0	82.905022	19.185808
6246.5	64.769669	18.113716
6256.0	201.754944	23.048241
6265.6	220.127762	23.426746
6275.1	127.585014	21.057997
6284.6	60.072311	17.786743
6294.2	78.872604	18.969261
6303.7	27.658602	14.418302
6313.2	221.948441	23.462523
6322.8	182.567352	22.614231
6332.3	77.431946	18.889202
6341.9	48.760689	16.880699
6351.4	67.460175	18.290474
6360.9	117.562813	20.702702
6370.5	217.927704	23.383123
6380.0	172.591446	22.370193
6389.5	28.809849	14.595409
6399.1	84.204727	19.253365
6408.6	60.226711	17.797892
6418.1	72.168106	18.583452
6427.7	115.144150	20.612419
6437.2	179.382095	22.537792
6446.8	160.399323	22.052025
6456.3	84.832787	19.285637
6465.8	137.463806	21.381884
6475.4	145.019211	21.614256
6484.9	144.709534	21.604973
6494.4	130.638596	21.160715
6504.0	210.490509	23.232325
6513.5	300.553192	24.779213
6523.0	271.461029	24.337074
6532.6	165.877899	22.197886
6542.1	32.586720	15.130406
6551.7	44.610340	16.494354
6561.2	159.570831	22.029535
6570.7	202.504578	23.064348
6580.3	94.949715	19.774937
6589.8	45.204777	16.551842
6599.3	144.064560	21.585571
6608.9	144.746048	21.606066
6618.4	180.420181	22.562851
6628.0	259.414490	24.139942
6637.5	249.748001	23.975019
6647.0	151.048843	21.791174
6656.6	41.339783	16.163681
6666.1	171.345734	22.338734
6675.6	153.728180	21.867535
6685.2	61.116852	17.861610
6694.7	93.167442	19.692642
6704.2	127.345459	21.049835
6713.8	80.147392	19.038895
6723.3	98.718285	19.943977
6732.9	54.799549	17.387770
6742.4	47.817287	16.795849
6751.9	59.127300	17.717880
6761.5	17.312344	12.383558
6771.0	110.039803	20.415497
6780.5	210.473862	23.231981
6790.1	114.496452	20.587921
6799.6	48.586956	16.865198
6809.1	76.426933	18.832464
6818.7	130.620804	21.160124
6828.2	108.379761	20.349482
6837.8	103.639542	20.155256
6847.3	88.577744	19.473246
6856.8	26.843021	14.288313
6866.4	94.050186	19.733597
6875.9	105.337952	20.225849
6885.4	146.018372	21.644075
6895.0	135.999771	21.335382
6904.5	47.294250	16.748083
6914.1	75.570511	18.783524
6923.6	87.068542	19.398613
6933.1	99.594902	19.982372
6942.7	45.757397	16.604612
6952.2	50.784492	17.057312
6961.7	144.732437	21.605659
6971.3	108.922600	20.371180
6980.8	82.341690	19.156197
6990.3	42.120514	16.244938
6999.9	54.124737	17.333958
7009.4	173.812881	22.400820
7019.0	222.498566	23.473272
7028.5	213.885925	23.301821
7038.0	123.868866	20.929623
7047.6	52.643707	17.213465
7057.1	112.460876	20.510015
7066.6	28.595707	14.563008
7076.2	179.952850	22.551586
7085.7	246.151550	23.912027
7095.2	181.428070	22.587044
7104.8	25.494919	14.064536
7114.3	78.159508	18.929817
7123.9	95.676788	19.808065
7133.4	165.917923	22.198933
7142.9	131.550858	21.190937
7152.5	46.837440	16.705931
7162.0	100.398483	20.017271
7171.5	34.513271	15.379862
7181.1	104.389450	20.186567
7190.6	113.843269	20.563072
7200.1	100.578125	20.025036
7209.7	109.855545	20.408220
7219.2	112.313004	20.504301
7228.8	103.664803	20.156311
7238.3	97.426582	19.886776
7247.8	101.027740	20.044405
7257.4	51.459156	17.114626
7266.9	157.230026	21.965355
7276.4	162.980347	22.121353
7286.0	124.203163	20.941326
7295.5	97.206894	19.876972
7305.1	85.510109	19.320175
7314.6	40.037304	16.024649
7324.1	64.697845	18.108898
7333.7	34.347797	15.358990
7343.2	103.874443	20.165089
7352.7	165.696030	22.193123
7362.3	178.982071	22.528095
7371.8	208.182968	23.184452
7381.3	244.430252	23.881550
7390.9	171.126617	22.333176
7400.4	53.039566	17.246000
7410.0	138.953583	21.428698
7419.5	101.274925	20.055019
7429.0	30.783615	14.883196
7438.6	51.653271	17.130978
7448.1	42.080517	16.240810
7457.6	122.594162	20.884697
7467.2	160.036957	22.042202
7476.7	205.280502	23.123476
7486.2	141.263077	21.500286
7495.8	53.078377	17.249176
7505.3	9.750257	9.890161
7514.9	90.411224	19.562223
7524.4	77.130058	18.872238
7533.9	12.679506	11.031023
7543.5	16.822857	12.258997
7553.0	28.589134	14.562011
7562.5	175.686722	22.447392
7572.1	181.302994	22.584049
7581.6	24.848635	13.953026
7591.2	106.318161	20.266075
7600.7	15.852883	12.001083
7610.2	88.822487	19.485229
7619.8	156.819122	21.953991
7629.3	163.334808	22.130787
7638.8	128.036957	21.073353
7648.4	45.400635	16.570620
7657.9	23.381798	13.688779
7667.4	44.924198	16.524803
7677.0	96.020142	19.823624
7686.5	139.612503	21.449244
7696.1	51.817734	17.144783
7705.6	33.835075	15.293673
7715.1	105.569016	20.235365
7724.7	161.018341	22.068752
7734.2	42.271099	16.260435
7743.7	95.935135	19.819777
7753.3	73.687881	18.673962
7762.8	78.921318	18.971943
7772.3	74.844856	18.741619
7781.9	7.612034	8.815007
7791.4	72.629478	18.611130
7801.0	55.121689	17.413225
7810.5	47.569859	16.773317
7820.0	47.572563	16.773565
7829.6	31.590019	14.995499
7839.1	31.474979	14.979654
7848.6	63.676029	18.039761
7858.2	115.878845	20.640041
7867.7	41.569744	16.187775
7877.2	90.001900	19.542517
7886.8	115.364952	20.620739
7896.3	150.768784	21.783113
7905.9	125.202255	20.976122
7915.4	130.437027	21.154007
7924.9	131.933899	21.203564
7934.5	41.240097	16.153198
7944.0	158.253525	21.993534
7953.5	98.468056	19.932953
7963.1	32.386982	15.103704
7972.6	112.855278	20.525219
7982.2	131.726105	21.196718
7991.7	89.913284	19.538239
8001.2	81.878220	19.131683
8010.8	73.971710	18.690657
8020.3	105.305099	20.224495
8029.8	100.577988	20.025028
8039.4	116.372246	20.658493
8048.9	80.010979	19.031496
8058.4	70.034378	18.453114
8068.0	17.896942	12.527789
8077.5	135.250824	21.311399
8087.1	202.136246	23.056442
8096.6	220.684525	23.437719
8106.1	94.149750	19.738192
8115.7	90.053993	19.545029
8125.2	157.492157	21.972589
8134.7	74.457474	18.719084
8144.3	105.455154	20.230677
8153.8	57.244827	17.577362
8163.3	97.274139	19.879974
8172.9	112.050606	20.494141
8182.4	29.872196	14.752672
8192.0	73.219185	18.646248
8201.5	83.425262	19.212975
8211.0	48.054672	16.817356
8220.6	88.634995	19.476053
8230.1	77.857460	18.913002
8239.6	170.121475	22.307590
8249.2	158.600357	22.003042
8258.7	120.936089	20.825560
8268.2	232.884796	23.671413
8277.8	147.121933	21.676773
8287.3	79.455925	19.001263
8296.9	47.831165	16.797110
8306.4	7.709151	8.870066
8315.9	49.091797	16.910089
8325.5	61.492199	17.888201
8335.0	70.451675	18.478912
8344.5	118.258430	20.728321
8354.1	26.018858	14.152882
8363.6	80.329453	19.048748
8373.2	72.573944	18.607807
8382.7	28.691515	14.577534
8392.2	57.313667	17.582582
8401.8	81.331665	19.102596
8411.3	138.986359	21.429722
8420.8	111.247444	20.462898
8430.4	105.368576	20.227110
8439.9	73.298027	18.650923
8449.4	42.827427	16.317219
8459.0	103.413704	20.145781
8468.5	215.017014	23.324728
8478.1	202.682800	23.068169
8487.6	195.200241	22.904804
8497.1	133.371857	21.250641
8506.7	129.213455	21.113075
8516.2	75.567642	18.783358
8525.7	34.587605	15.389205
8535.3	45.658703	16.595236
8544.8	67.600342	18.299488
8554.3	22.791647	13.577757
8563.9	20.950232	13.211888
8573.4	181.663315	22.592674
8583.0	186.909607	22.716316
8592.5	19.705647	12.945908
8602.0	27.737511	14.430675
8611.6	69.071762	18.393005
8621.1	68.085991	18.330578
8630.6	42.240765	16.257318
8640.2	67.439056	18.289116
8649.7	158.782959	22.008039
8659.3	90.640923	19.573242
8668.8	51.717632	17.136387
8678.3	22.565594	13.534468
8687.9	62.206326	17.938345
8697.4	189.009430	22.764835
8706.9	161.072327	22.070210
8716.5	49.681686	16.961964
8726.0	19.174646	12.827273
8735.5	87.883110	19.439053
8745.1	125.434952	20.984188
8754.6	115.586624	20.629078
8764.2	85.389656	19.314053
8773.7	90.197571	19.551949
8783.2	36.513988	15.624592
8792.8	35.628738	15.518005
8802.3	79.568230	19.007397
8811.8	34.427284	15.369028
8821.4	104.120827	20.175377
8830.9	33.956596	15.309242
8840.4	164.789093	22.169285
8850.0	108.846375	20.368139
8859.5	21.314333	13.286716
8869.1	66.242393	18.211361
8878.6	37.464996	15.736257
8888.1	18.080395	12.572079
8897.7	67.121140	18.268593
8907.2	73.142700	18.641710
8916.7	152.117752	21.821800
8926.3	140.732315	21.483938
8935.8	61.279770	17.873171
8945.4	55.863697	17.471296
8954.9	75.757462	18.794254
8964.4	93.388084	19.702915
8974.0	178.868530	22.525339
8983.5	59.818356	17.768345
8993.0	125.334686	20.980713
9002.6	69.548271	18.422863
9012.1	120.832596	20.821840
9021.6	181.813354	22.596256
9031.2	115.170868	20.613426
9040.7	73.109848	18.639759
9050.3	57.580341	17.602743
9059.8	62.623974	17.967407
9069.3	73.129883	18.640949
9078.9	58.969620	17.706284
9088.4	33.869823	15.298129
9097.9	104.871918	20.206593
9107.5	116.213585	20.652569
9117.0	46.740845	16.696966
9126.5	14.215367	11.527581
9136.1	68.668335	18.367565
9145.6	92.306519	19.652325
9155.2	59.596737	17.752226
9164.7	134.332825	21.281822
9174.2	219.562088	23.415573
9183.8	119.169350	20.761644
9193.3	121.122353	20.832243
9202.8	85.816116	19.335688
9212.4	68.066399	18.329329
9221.9	53.104431	17.251308
9231.4	43.651909	16.400032
9241.0	43.208527	16.355694
9250.5	140.765457	21.484962
9260.1	165.162582	22.179117
9269.6	24.221067	13.841933
9279.1	95.938675	19.819937
9288.7	62.894566	17.986130
9298.2	74.763885	18.736917
9307.7	184.601974	22.662363
9317.3	129.478348	21.121971
9326.8	69.230972	18.403004
9336.4	50.904217	17.067537
9345.9	35.657505	15.521509
9355.4	62.473930	17.956989
9365.0	198.269058	22.972549
9374.5	145.720291	21.635201
9384.0	163.910736	22.146074
9393.6	119.003838	20.755611
9403.1	58.184368	17.648064
9412.6	80.449371	19.055227
9422.2	73.879662	18.685249
9431.7	44.254543	16.459578
9441.3	64.678970	18.107632
9450.8	61.697689	17.902689
9460.3	96.094810	19.827000
9469.9	108.153275	20.340397
9479.4	59.945652	17.777576
9488.9	105.480743	20.231731
9498.5	57.069920	17.564072
9508.0	61.548908	17.892204
9517.5	41.831524	16.215036
9527.1	123.739090	20.925068
9536.6	100.071999	20.003126
9546.2	88.862076	19.487164
9555.7	150.880295	21.786325
9565.2	83.100319	19.196026
9574.8	55.571045	17.448486
9584.3	78.070572	18.924873
9593.8	76.363037	18.828833
9603.4	58.065704	17.639196
9612.9	97.228951	19.877956
9622.5	106.235466	20.262695
9632.0	48.323864	16.841618
9641.5	70.224205	18.464869
9651.1	11.496197	10.605541
9660.6	125.840149	20.998192
9670.1	85.595436	19.324507
9679.7	20.620426	13.142977
9689.2	52.658875	17.214716
9698.7	90.984573	19.589678
9708.3	85.114655	19.300043
9717.8	143.681595	21.574011
9727.4	141.796860	21.516666
9736.9	148.654282	21.721773
9746.4	99.804543	19.991503
9756.0	115.357300	20.620451
