SampleRate=19531, frq_max = 57.2, mag_max = 6309.971680
Freq	Mag	Mag(dB)
0.0	778.545349	28.912840
9.5	1690.094482	32.279110
19.1	2897.423584	34.620121
28.6	2987.730469	34.753414
38.1	1612.224609	32.074257
47.7	1728.222412	32.375996
57.2	6309.971680	38.000275
66.8	3811.812012	35.811314
76.3	1279.679321	31.071012
85.8	1604.603027	32.053677
95.4	1903.473389	32.795467
104.9	816.681580	29.120529
114.4	3630.543457	35.599716
124.0	1317.631592	31.197939
133.5	2469.594238	33.926254
143.0	3167.539062	35.007217
152.6	2624.299072	34.190132
162.1	928.719849	29.678848
171.7	981.684753	29.919720
181.2	2750.289551	34.393784
190.7	2572.745605	34.103970
200.3	1686.761719	32.270538
209.8	1711.597168	32.334015
219.3	1423.724609	31.534260
228.9	225.835678	23.537926
238.4	1116.473389	30.478485
248.0	949.837402	29.776493
257.5	1728.665771	32.377110
267.0	3297.275391	35.181549
276.6	2677.648193	34.277534
286.1	2069.833008	33.159355
295.6	2151.851562	33.328125
305.2	827.024658	29.175184
314.7	1010.976318	30.047409
324.2	982.786194	29.924591
333.8	1436.932251	31.574364
343.3	681.974854	28.337685
352.9	801.836487	29.040859
362.4	1674.618896	32.239159
371.9	2316.517090	33.648354
381.5	1694.829834	32.291264
391.0	603.344360	27.805653
400.5	268.815460	24.294544
410.1	617.373169	27.905479
419.6	444.066071	26.474476
429.1	771.883179	28.875515
438.7	41.576107	16.188438
448.2	901.697876	29.550610
457.8	802.028625	29.041899
467.3	208.815414	23.197624
476.8	468.883789	26.710653
486.4	1077.223511	30.323057
495.9	738.479553	28.683386
505.4	519.155396	27.152975
515.0	903.718689	29.560333
524.5	558.773682	27.472361
534.1	730.839294	28.638220
543.6	1064.153931	30.270044
553.1	401.404327	26.035822
562.7	366.310211	25.638489
572.2	126.254684	21.012476
581.7	1105.393066	30.435165
591.3	1347.426270	31.295050
600.8	878.147522	29.435675
610.3	366.913574	25.645638
619.9	744.359009	28.717825
629.4	974.595276	29.888245
639.0	293.223145	24.671982
648.5	589.953979	27.708183
658.0	951.577698	29.784443
667.6	773.857239	28.886608
677.1	780.048401	28.921215
686.6	275.032135	24.393835
696.2	542.057129	27.340450
705.7	877.862854	29.434265
715.2	1173.883667	30.696251
724.8	1125.351562	30.512882
734.3	862.797119	29.359089
743.9	717.322205	28.557144
753.4	560.980103	27.489473
762.9	87.327591	19.411514
772.5	363.702881	25.607468
782.0	908.466064	29.583088
791.5	115.669388	20.632183
801.1	1069.741821	30.292789
810.6	864.305969	29.366674
820.1	433.596771	26.370859
829.7	634.153809	28.021946
839.2	781.406677	28.928772
848.8	256.049072	24.083233
858.3	321.083130	25.066175
867.8	251.088745	23.998272
877.4	447.004120	26.503115
886.9	702.000854	28.463375
896.4	345.056976	25.378910
906.0	169.302811	22.286642
915.5	498.822601	26.979462
925.1	1108.071533	30.445679
934.6	768.171570	28.854582
944.1	417.507538	26.206644
953.7	31.858480	15.032251
963.2	540.072205	27.324520
972.7	370.367706	25.686331
982.3	137.749741	21.390907
991.8	47.099308	16.730145
1001.3	38.583515	15.864018
1010.9	229.856934	23.614576
1020.4	78.215797	18.932945
1030.0	394.363495	25.958967
1039.5	395.202209	25.968193
1049.0	532.843323	27.265995
1058.6	518.538025	27.147806
1068.1	249.709427	23.974350
1077.6	37.268974	15.713474
1087.2	554.762695	27.441072
1096.7	956.034607	29.804735
1106.2	609.107544	27.846939
1115.8	249.356430	23.968204
1125.3	278.243439	24.444248
1134.9	540.755615	27.330009
1144.4	770.791626	28.869370
1153.9	329.062317	25.172783
1163.5	164.478775	22.161098
1173.0	372.301697	25.708950
1182.5	690.276367	28.390232
1192.1	583.500549	27.660412
1201.6	391.707764	25.929623
1211.2	306.276184	24.861134
1220.7	507.464478	27.054058
1230.2	475.505249	26.771553
1239.8	252.476440	24.022209
1249.3	359.314484	25.554749
1258.8	115.724129	20.634239
1268.4	791.682129	28.985508
1277.9	534.505737	27.279526
1287.4	87.358368	19.413044
1297.0	149.037399	21.732952
1306.5	397.677826	25.995314
1316.1	409.165222	26.118986
1325.6	456.817261	26.597425
1335.1	651.522095	28.139290
1344.7	448.501984	26.517643
1354.2	294.909271	24.696884
1363.7	616.067810	27.896286
1373.3	859.748352	29.343712
1382.8	309.271393	24.903397
1392.3	226.641830	23.553400
1401.9	125.001289	20.969145
1411.4	180.581741	22.566738
1421.0	118.903038	20.751930
1430.5	318.682739	25.033587
1440.0	382.081512	25.821560
1449.6	188.578568	22.754925
1459.1	324.935577	25.117971
1468.6	227.612396	23.571959
1478.2	228.247757	23.584064
1487.7	95.758102	19.811756
1497.2	171.737411	22.348650
1506.8	225.288254	23.527386
1516.3	336.621826	25.271423
1525.9	604.138977	27.811367
1535.4	510.426910	27.079336
1544.9	348.406006	25.420856
1554.5	368.007843	25.658571
1564.0	288.637085	24.603521
1573.5	208.577698	23.192677
1583.1	193.716919	22.871675
1592.6	240.665131	23.814133
1602.2	397.300018	25.991188
1611.7	232.708664	23.668125
1621.2	386.249817	25.868683
1630.8	191.695251	22.826115
1640.3	65.182602	18.141317
1649.8	276.038452	24.409695
1659.4	481.031097	26.821732
1668.9	437.630310	26.411074
1678.4	383.413879	25.836678
1688.0	102.371780	20.101803
1697.5	193.020935	22.856045
1707.1	204.559662	23.108200
1716.6	360.193787	25.565361
1726.1	393.940613	25.954308
1735.7	228.137070	23.581959
1745.2	302.444733	24.806461
1754.7	376.774963	25.760820
1764.3	373.269196	25.720222
1773.8	387.092133	25.878143
1783.3	366.156281	25.636665
1792.9	350.863312	25.451378
1802.4	215.867783	23.341877
1812.0	316.851257	25.008554
1821.5	722.595886	28.588955
1831.0	717.257812	28.556751
1840.6	377.117554	25.764769
1850.1	189.463165	22.775248
1859.6	218.005478	23.384674
1869.2	140.087402	21.463989
1878.7	238.212463	23.769646
1888.3	245.751022	23.904953
1897.8	168.343887	22.261972
1907.3	130.764465	21.164896
1916.9	157.599792	21.975555
1926.4	135.616623	21.323130
1935.9	116.673866	20.669737
1945.5	181.057785	22.578173
1955.0	151.910690	21.815884
1964.5	167.122787	22.230356
1974.1	100.528534	20.022892
1983.6	121.449310	20.843948
1993.2	146.785385	21.666828
2002.7	10.045783	10.019837
2012.2	139.546158	21.447180
2021.8	90.668068	19.574543
2031.3	272.177704	24.348526
2040.8	282.560333	24.511110
2050.4	96.268959	19.834864
2059.9	51.467655	17.115343
2069.4	9.553922	9.801817
2079.0	3.835991	5.838776
2088.5	162.699203	22.113855
2098.1	297.322784	24.732283
2107.6	277.039856	24.425423
2117.1	119.921761	20.788979
2126.7	46.837063	16.705896
2136.2	40.767197	16.103107
2145.7	169.183929	22.283592
2155.3	197.614075	22.958179
2164.8	145.048630	21.615135
2174.3	71.962502	18.571062
2183.9	75.888298	18.801748
2193.4	77.347046	18.884438
2203.0	165.576584	22.189989
2212.5	176.417480	22.465416
2222.0	136.613052	21.354921
2231.6	198.122971	22.969349
2241.1	220.110153	23.426401
2250.6	285.282257	24.552748
2260.2	300.292450	24.775444
2269.7	137.224747	21.374323
2279.3	76.816208	18.854528
2288.8	142.780060	21.546677
2298.3	140.883240	21.488592
2307.9	126.641953	21.025776
2317.4	108.528297	20.355431
2326.9	138.893356	21.426813
2336.5	124.856300	20.964106
2346.0	339.577789	25.309393
2355.5	270.339447	24.319094
2365.1	264.270142	24.220482
2374.6	261.774963	24.179283
2384.2	93.591629	19.712370
2393.7	164.125916	22.151772
2403.2	72.459946	18.600981
2412.8	210.275467	23.227886
2422.3	122.902161	20.895596
2431.8	31.022211	14.916727
2441.4	96.150085	19.829498
2450.9	58.423111	17.665846
2460.4	141.506393	21.507761
2470.0	128.072830	21.074570
2479.5	12.298375	10.898478
2489.1	45.394413	16.570024
2498.6	70.524261	18.483387
2508.1	19.223341	12.838288
2517.7	258.327240	24.121702
2527.2	237.319458	23.753334
2536.7	105.486549	20.231972
2546.3	62.865479	17.984121
2555.8	91.184212	19.599197
2565.4	205.786972	23.134178
2574.9	211.883499	23.260971
2584.4	191.993515	22.832867
2594.0	127.389664	21.051342
2603.5	82.012825	19.138817
2613.0	114.867905	20.601988
2622.6	249.523560	23.971117
2632.1	175.073380	22.432201
2641.6	160.491333	22.054516
2651.2	78.197098	18.931906
2660.7	16.517689	12.179493
2670.3	103.767853	20.160627
2679.8	77.790985	18.909292
2689.3	93.324188	19.699942
2698.9	130.015625	21.139956
2708.4	39.114433	15.923370
2717.9	181.748596	22.594711
2727.5	255.394745	24.072121
2737.0	85.535385	19.321459
2746.5	76.094452	18.813530
2756.1	58.132519	17.644192
2765.6	131.754608	21.197659
2775.2	169.274811	22.285923
2784.7	292.950897	24.667948
2794.2	182.906387	22.622290
2803.8	125.467400	20.985308
2813.3	291.755554	24.650192
2822.8	192.622726	22.847076
2832.4	239.783478	23.798195
2841.9	152.756607	21.840000
2851.4	160.737656	22.061176
2861.0	23.317739	13.676865
2870.5	86.064957	19.348263
2880.1	18.081869	12.572433
2889.6	18.387119	12.645138
2899.1	187.465408	22.729210
2908.7	239.182205	23.787289
2918.2	154.116455	21.878490
2927.7	237.939911	23.764671
2937.3	169.907959	22.302135
2946.8	143.943176	21.581909
2956.4	139.223465	21.437126
2965.9	48.390095	16.847565
2975.4	79.253204	18.990170
2985.0	182.891083	22.621925
2994.5	98.969765	19.955027
3004.0	122.070038	20.866091
3013.6	17.717928	12.484130
3023.1	191.103333	22.812683
3032.6	238.401779	23.773096
3042.2	172.687561	22.372610
3051.7	103.956779	20.168530
3061.3	83.675148	19.225964
3070.8	69.988770	18.450283
3080.3	98.871895	19.950729
3089.9	157.952332	21.985262
3099.4	135.525970	21.320227
3108.9	174.501068	22.417982
3118.5	139.664719	21.450867
3128.0	65.253662	18.146049
3137.5	45.472168	16.577456
3147.1	94.264755	19.743494
3156.6	45.393475	16.569935
3166.2	165.247849	22.181358
3175.7	92.039505	19.639742
3185.2	108.070786	20.337084
3194.8	213.110046	23.286039
3204.3	234.043076	23.692959
3213.8	120.120514	20.796173
3223.4	110.161484	20.420300
3232.9	163.498611	22.135141
3242.5	32.648788	15.138670
3252.0	42.155579	16.248550
3261.5	81.090721	19.089712
3271.1	93.826569	19.723259
3280.6	72.463547	18.601196
3290.1	104.893219	20.207474
3299.7	38.043797	15.802839
3309.2	39.323429	15.946513
3318.7	94.073372	19.734667
3328.3	19.170382	12.826308
3337.8	81.549835	19.114231
3347.4	62.006954	17.924404
3356.9	116.708405	20.671022
3366.4	209.753815	23.217098
3376.0	141.523041	21.508272
3385.5	28.166586	14.497342
3395.0	44.036942	16.438171
3404.6	77.650902	18.901464
3414.1	124.538292	20.953028
3423.6	87.493828	19.419773
3433.2	141.017242	21.492722
3442.7	212.558243	23.274780
3452.3	187.444778	22.728733
3461.8	84.518127	19.269499
3471.3	108.725761	20.363323
3480.9	30.732872	14.876032
3490.4	123.130821	20.903667
3499.9	162.220947	22.101068
3509.5	140.458527	21.475483
3519.0	166.332245	22.209763
3528.5	313.490662	24.962246
3538.1	291.875916	24.651983
3547.6	103.363373	20.143665
3557.2	103.325523	20.142076
3566.7	95.391731	19.795109
3576.2	116.181160	20.651358
3585.8	35.093292	15.452241
3595.3	37.315159	15.718853
3604.8	67.542847	18.295794
3614.4	145.441360	21.626881
3623.9	111.247856	20.462915
3633.5	25.199358	14.013895
3643.0	90.939316	19.587517
3652.5	71.366089	18.534920
3662.1	65.845108	18.185236
3671.6	105.611977	20.237131
3681.1	26.766243	14.275874
3690.7	55.959797	17.478762
3700.2	132.688919	21.228348
3709.7	97.491936	19.889687
3719.3	25.204241	14.014736
3728.8	34.283730	15.350881
3738.4	92.324982	19.653193
3747.9	50.221569	17.008904
3757.4	98.909828	19.952394
3767.0	175.263596	22.436916
3776.5	138.407837	21.411608
3786.0	81.911217	19.133434
3795.6	42.566734	16.290703
3805.1	75.214912	18.763039
3814.6	120.752914	20.818977
3824.2	32.271824	15.088235
3833.7	55.081509	17.410059
3843.3	83.987633	19.242153
3852.8	119.558403	20.775803
3862.3	87.157745	19.403059
3871.9	34.033264	15.319036
3881.4	83.447861	19.214151
3890.9	98.643723	19.940695
3900.5	109.359108	20.388550
3910.0	77.044945	18.867441
3919.6	86.312714	19.360748
3929.1	93.876991	19.725592
3938.6	64.230911	18.077440
3948.2	148.535767	21.718311
3957.7	62.043644	17.926973
3967.2	71.679657	18.553959
3976.8	30.963161	14.908453
3986.3	170.694992	22.322208
3995.8	128.602188	21.092484
4005.4	48.612133	16.867447
4014.9	140.098679	21.464340
4024.5	133.919235	21.268429
4034.0	53.402103	17.275583
4043.5	23.867176	13.778010
4053.1	70.092461	18.456713
4062.6	103.956032	20.168497
4072.1	70.980652	18.511400
4081.7	49.554729	16.950851
4091.2	100.402351	20.017437
4100.7	67.280144	18.278870
4110.3	88.617058	19.475172
4119.8	149.446777	21.744865
4129.4	33.380638	15.234946
4138.9	47.420979	16.759705
4148.4	49.480804	16.944368
4158.0	69.617920	18.427210
4167.5	135.169571	21.308788
4177.0	104.638382	20.196911
4186.6	50.401497	17.024435
4196.1	51.581169	17.124912
4205.6	110.484299	20.433006
4215.2	99.158386	19.963295
4224.7	138.474518	21.413698
4234.3	42.838165	16.318308
4243.8	84.484840	19.267788
4253.3	53.341957	17.270689
4262.9	123.434792	20.914375
4272.4	65.977394	18.193953
4281.9	63.929951	18.057043
4291.5	67.736977	18.308258
4301.0	122.082420	20.866531
4310.6	107.036507	20.295319
4320.1	101.783432	20.076771
4329.6	122.734230	20.889656
4339.2	133.319183	21.248928
4348.7	147.666550	21.692822
4358.2	146.576630	21.660648
4367.8	109.645256	20.399899
4377.3	60.828091	17.841042
4386.8	53.234680	17.261946
4396.4	74.312431	18.710615
4405.9	19.821720	12.971413
4415.5	66.451706	18.225061
4425.0	21.406761	13.305510
4434.5	49.443974	16.941133
4444.1	44.164600	16.450745
4453.6	36.122349	15.577760
4463.1	99.273949	19.968353
4472.7	125.914215	21.000748
4482.2	74.631088	18.729198
4491.7	43.700672	16.404881
4501.3	45.490868	16.579243
4510.8	22.812895	13.581804
4520.4	76.061325	18.811638
4529.9	111.449913	20.470798
4539.4	52.450829	17.197523
4549.0	51.289310	17.100269
4558.5	68.787453	18.375093
4568.0	83.895973	19.237411
4577.6	72.138817	18.581692
4587.1	38.956860	15.905839
4596.7	2.777772	4.436965
4606.2	17.093079	12.328203
4615.7	14.942533	11.744243
4625.3	36.700607	15.646733
4634.8	51.615719	17.127821
4644.3	34.433506	15.369812
4653.9	46.599319	16.683796
4663.4	21.819281	13.388405
4672.9	63.202641	18.007353
4682.5	68.444206	18.353367
4692.0	82.439804	19.161369
4701.6	72.496849	18.603191
4711.1	58.736782	17.689102
4720.6	58.897495	17.700968
4730.2	112.375671	20.506723
4739.7	92.553787	19.663942
4749.2	61.167622	17.865217
4758.8	71.036621	18.514822
4768.3	46.530041	16.677334
4777.8	24.136574	13.826756
4787.4	11.192384	10.489225
4796.9	37.960606	15.793332
4806.5	30.403126	14.829183
4816.0	28.971756	14.619749
4825.5	128.181259	21.078245
4835.1	152.543259	21.833931
4844.6	118.135010	20.723785
4854.1	54.789413	17.386967
4863.7	85.510422	19.320190
4873.2	110.459282	20.432022
4882.8	29.766264	14.737244
4892.3	101.138947	20.049183
4901.8	32.081837	15.062592
4911.4	23.044744	13.625719
4920.9	65.926758	18.190617
4930.4	67.401291	18.286682
4940.0	28.311085	14.519566
4949.5	31.353415	14.962849
4959.0	50.762012	17.055389
4968.6	107.247871	20.303886
4978.1	117.397278	20.696581
4987.7	100.160416	20.006962
4997.2	52.802589	17.226551
5006.7	46.681271	16.691427
5016.3	76.854668	18.856701
5025.8	13.821395	11.405518
5035.3	94.548668	19.756554
5044.9	120.650040	20.815275
5054.4	46.066383	16.633841
5063.9	60.813362	17.839989
5073.5	62.631516	17.967930
5083.0	10.804729	10.336140
5092.6	20.960884	13.214096
5102.1	38.064987	15.805256
5111.6	70.950699	18.509567
5121.2	34.192707	15.339335
5130.7	33.852482	15.295905
5140.2	33.691586	15.275215
5149.8	43.972816	16.431843
5159.3	61.429230	17.883751
5168.8	73.496300	18.662655
5178.4	94.321251	19.746096
5187.9	111.341942	20.466587
5197.5	88.593277	19.474009
5207.0	70.889290	18.505806
5216.5	96.362740	19.839092
5226.1	43.453224	16.380219
5235.6	49.437191	16.940538
5245.1	26.460371	14.225960
5254.7	65.838654	18.184811
5264.2	102.955292	20.126486
5273.8	41.730328	16.204517
5283.3	66.510788	18.228920
5292.8	44.848034	16.517433
5302.4	12.285766	10.894022
5311.9	52.357403	17.189781
5321.4	53.297440	17.267063
5331.0	50.241455	17.010622
5340.5	12.743202	11.052786
5350.0	31.916824	15.040197
5359.6	62.153751	17.934673
5369.1	94.629341	19.760258
5378.7	94.889381	19.772177
5388.2	71.066917	18.516676
5397.7	26.070168	14.161438
5407.3	32.494404	15.118085
5416.8	2.826572	4.512601
5426.3	25.742567	14.106520
5435.9	9.479849	9.768014
5445.4	24.226658	13.842936
5454.9	56.251251	17.501322
5464.5	51.404053	17.109974
5474.0	79.764572	19.018101
5483.6	104.050446	20.172440
5493.1	26.161966	14.176703
5502.6	25.899809	14.132966
5512.2	33.558147	15.257979
5521.7	19.374603	12.872329
5531.2	21.092506	13.241282
5540.8	79.890350	19.024942
5550.3	75.938988	18.804647
5559.9	19.380053	12.873549
5569.4	4.264613	6.298797
5578.9	29.817644	14.744734
5588.5	64.105392	18.068945
5598.0	43.900894	16.424734
5607.5	16.182112	12.090351
5617.1	46.593964	16.683296
5626.6	73.489731	18.662266
5636.1	73.874657	18.684956
5645.7	74.828117	18.740648
5655.2	12.158959	10.848965
5664.8	50.358116	17.020695
5674.3	23.050442	13.626793
5683.8	29.909666	14.758116
5693.4	51.265579	17.098259
5702.9	86.279480	19.359076
5712.4	109.187408	20.381725
5722.0	95.482841	19.799253
5731.5	90.219032	19.552982
5741.0	125.731308	20.994434
5750.6	137.063690	21.369225
5760.1	139.330490	21.440460
5769.7	107.482872	20.313393
5779.2	59.520203	17.746643
5788.7	18.151720	12.589178
5798.3	7.279295	8.620893
5807.8	44.880863	16.520613
5817.3	66.188568	18.207830
5826.9	54.876404	17.393856
5836.4	51.275528	17.099102
5845.9	66.117783	18.203182
5855.5	99.521652	19.979176
5865.0	113.588226	20.553333
5874.6	61.857384	17.913916
5884.1	36.142014	15.580124
5893.6	15.705394	11.960488
5903.2	43.397945	16.374691
5912.7	51.230980	17.095325
5922.2	27.281944	14.358753
5931.8	25.371685	14.043493
5941.3	70.078011	18.455818
5950.9	73.759735	18.678192
5960.4	49.101517	16.910950
5969.9	76.943268	18.861706
5979.5	46.972660	16.718452
5989.0	50.160759	17.003641
5998.5	34.130718	15.331454
6008.1	44.574062	16.490822
6017.6	23.339474	13.680911
6027.1	20.017889	13.014183
6036.7	30.945297	14.905947
6046.2	17.349773	12.392939
6055.8	54.237968	17.343035
6065.3	41.278084	16.157196
6074.8	46.201195	16.646532
6084.4	56.770161	17.541201
6093.9	29.081406	14.636154
6103.4	57.567158	17.601748
6113.0	66.601944	18.234869
6122.5	20.140179	13.040633
6132.0	27.731052	14.429664
6141.6	52.013165	17.161133
6151.1	54.508038	17.364605
6160.7	32.561348	15.127024
6170.2	18.567583	12.687554
6179.7	44.145885	16.448902
6189.3	46.216335	16.647955
6198.8	20.771780	13.174738
6208.3	6.555266	8.165903
6217.9	9.399330	9.730969
6227.4	4.314899	6.349706
6237.0	38.467026	15.850886
6246.5	47.273907	16.746214
6256.0	48.684750	16.873930
6265.6	34.321812	15.355702
6275.1	43.022007	16.336906
6284.6	72.909149	18.627819
6294.2	51.414524	17.110859
6303.7	21.546371	13.333741
6313.2	18.885477	12.761279
6322.8	14.043097	11.474628
6332.3	20.529524	13.123789
6341.9	5.535836	7.431832
6351.4	77.590813	18.898104
6360.9	116.046936	20.646336
6370.5	103.116905	20.133301
6380.0	107.516708	20.314760
6389.5	95.292015	19.790565
6399.1	12.885630	11.101056
6408.6	50.193985	17.006516
6418.1	16.965258	12.295605
6427.7	88.780098	19.483156
6437.2	71.526314	18.544659
6446.8	34.016151	15.316853
6456.3	25.353502	14.040380
6465.8	21.632086	13.350984
6475.4	57.858112	17.623642
6484.9	48.650333	16.870859
6494.4	19.322908	12.860725
6504.0	29.902758	14.757113
6513.5	32.087772	15.063396
6523.0	40.146564	16.036484
6532.6	31.665791	15.005903
6542.1	40.947449	16.122269
6551.7	299.483978	24.763737
6561.2	675.898376	28.298815
6570.7	369.728241	25.678825
6580.3	20.181219	13.049474
6589.8	16.836803	12.262596
6599.3	19.310184	12.857864
6608.9	40.621426	16.087551
6618.4	42.036396	16.236256
6628.0	63.333809	18.016356
6637.5	83.900688	19.237656
6647.0	73.361465	18.654680
6656.6	20.259531	13.066294
6666.1	25.678553	14.095706
6675.6	57.516682	17.597939
6685.2	35.597012	15.514135
6694.7	58.362953	17.661373
6704.2	51.769741	17.140760
6713.8	74.749046	18.736055
6723.3	97.622459	19.895498
6732.9	86.691307	19.379755
6742.4	76.102005	18.813961
6751.9	55.995068	17.481497
6761.5	68.643913	18.366020
6771.0	72.069984	18.577545
6780.5	31.362379	14.964090
6790.1	13.304277	11.239912
6799.6	40.465275	16.070826
6809.1	62.903790	17.986769
6818.7	74.005310	18.692629
6828.2	37.585052	15.750152
6837.8	31.091053	14.926355
6847.3	56.418335	17.514202
6856.8	48.880100	16.891321
6866.4	39.888252	16.008450
6875.9	32.893082	15.171045
6885.4	32.380356	15.102816
6895.0	31.694487	15.009837
6904.5	30.406355	14.829644
6914.1	10.054152	10.023455
6923.6	18.602707	12.695762
6933.1	29.884165	14.754411
6942.7	13.515579	11.308347
6952.2	25.253738	14.023256
6961.7	31.796337	15.023770
6971.3	25.700397	14.099399
6980.8	10.634598	10.267211
6990.3	35.096130	15.452593
6999.9	56.454105	17.516954
7009.4	50.311974	17.016714
7019.0	25.340940	14.038227
7028.5	31.640104	15.002379
7038.0	9.659481	9.849538
7047.6	13.622790	11.342661
7057.1	24.865124	13.955907
7066.6	53.878006	17.314114
7076.2	43.687256	16.403547
7085.7	19.256340	12.845737
7095.2	49.828472	16.974775
7104.8	44.750271	16.507957
7114.3	13.819633	11.404964
7123.9	9.904061	9.958133
7133.4	32.403950	15.105980
7142.9	42.126545	16.245558
7152.5	33.975288	15.311631
7162.0	15.603637	11.932259
7171.5	18.886757	12.761574
7181.1	17.607536	12.456985
7190.6	9.802534	9.913383
7200.1	12.068816	10.816647
7209.7	4.651174	6.675625
7219.2	28.174500	14.498562
7228.8	40.483105	16.072739
7238.3	4.497460	6.529674
7247.8	47.446136	16.762009
7257.4	95.209961	19.786823
7266.9	94.405487	19.749973
7276.4	36.585320	15.633068
7286.0	26.281525	14.196506
7295.5	41.742107	16.205744
7305.1	55.155209	17.415865
7314.6	80.736214	19.070684
7324.1	61.477085	17.887133
7333.7	33.721706	15.279095
7343.2	64.526909	18.097408
7352.7	55.613792	17.451824
7362.3	2.136693	3.297420
7371.8	29.099247	14.638817
7381.3	26.325310	14.203734
7390.9	48.908772	16.893867
7400.4	67.871964	18.316904
7410.0	56.690884	17.535131
7419.5	68.246071	18.340776
7429.0	71.087463	18.517931
7438.6	43.805771	16.415314
7448.1	51.556507	17.122835
7457.6	42.861946	16.320719
7467.2	6.389216	8.054476
7476.7	24.661627	13.920218
7486.2	7.545856	8.777085
7495.8	22.973598	13.612290
7505.3	20.940397	13.209849
7514.9	19.508976	12.902345
7524.4	11.271472	10.519806
7533.9	18.075121	12.570812
7543.5	22.516716	13.525051
7553.0	40.412617	16.065170
7562.5	42.000275	16.232521
7572.1	26.182486	14.180108
7581.6	37.582626	15.749872
7591.2	37.183704	15.703526
7600.7	15.666620	11.949754
7610.2	19.834282	12.974165
7619.8	7.708030	8.869434
7629.3	33.582607	15.261145
7638.8	26.281326	14.196472
7648.4	31.341427	14.961187
7657.9	21.295790	13.282938
7667.4	35.396118	15.489557
7677.0	9.994314	9.997530
7686.5	6.836919	8.348604
7696.1	12.541700	10.983563
7705.6	9.256041	9.664252
7715.1	22.794626	13.578324
7724.7	38.728683	15.880327
7734.2	37.858913	15.781681
7743.7	25.725903	14.103706
7753.3	30.641508	14.863101
7762.8	31.080721	14.924911
7772.3	9.355092	9.710481
7781.9	8.397033	9.241259
7791.4	10.175336	10.075488
7801.0	3.512861	5.456610
7810.5	4.839656	6.848145
7820.0	16.321583	12.127623
7829.6	33.308960	15.225611
7839.1	28.676437	14.575253
7848.6	11.737061	10.695593
7858.2	58.008434	17.634911
7867.7	67.171959	18.271881
7877.2	46.184040	16.644918
7886.8	26.870186	14.292706
7896.3	23.259682	13.666038
7905.9	20.937284	13.209204
7915.4	32.190445	15.077271
7924.9	18.018547	12.557198
7934.5	14.824969	11.709938
7944.0	29.358343	14.677316
7953.5	16.493422	12.173108
7963.1	27.912043	14.457916
7972.6	33.867905	15.297884
7982.2	27.501263	14.393526
7991.7	4.223576	6.256803
8001.2	33.945190	15.307783
8010.8	31.031366	14.918009
8020.3	14.757722	11.690193
8029.8	31.630135	15.001011
8039.4	19.489090	12.897916
8048.9	8.420727	9.253496
8058.4	19.861067	12.980026
8068.0	20.014017	13.013343
8077.5	27.955751	14.464712
8087.1	23.551327	13.720154
8096.6	24.488008	13.889534
8106.1	9.704074	9.869541
8115.7	13.653090	11.352310
8125.2	50.105370	16.998842
8134.7	61.398777	17.881598
8144.3	26.550627	14.240747
8153.8	10.603017	10.254295
8163.3	8.886164	9.487144
8172.9	14.324358	11.560753
8182.4	5.701977	7.560254
8192.0	37.502094	15.740556
8201.5	47.607239	16.776730
8211.0	5.726337	7.578769
8220.6	27.106592	14.330750
8230.1	10.776581	10.324810
8239.6	27.140722	14.336214
8249.2	21.781460	13.380870
8258.7	9.803640	9.913874
8268.2	12.858570	11.091927
8277.8	8.995683	9.540341
8287.3	10.408619	10.173931
8296.9	15.078435	11.783563
8306.4	11.238198	10.506968
8315.9	16.497131	12.174084
8325.5	25.940660	14.139810
8335.0	15.689846	11.956186
8344.5	32.187283	15.076843
8354.1	35.929688	15.554534
8363.6	7.450457	8.721829
8373.2	20.660202	13.151345
8382.7	19.689400	12.942325
8392.2	27.644751	14.416127
8401.8	12.964433	11.127535
8411.3	14.301291	11.553753
8420.8	24.998894	13.979208
8430.4	10.607615	10.256177
8439.9	1.433788	1.564851
8449.4	7.606053	8.811593
8459.0	21.064146	13.235439
8468.5	16.801636	12.253515
8478.1	15.853106	12.001143
8487.6	26.605993	14.249794
8497.1	24.949911	13.970690
8506.7	19.135635	12.818430
8516.2	18.305828	12.625894
8525.7	16.487202	12.171470
8535.3	6.712840	8.269063
8544.8	14.335256	11.564054
8554.3	25.292688	14.029950
8563.9	17.168074	12.347216
8573.4	25.749348	14.107662
8583.0	48.107365	16.822115
8592.5	19.748611	12.955365
8602.0	13.834954	11.409778
8611.6	43.864613	16.421143
8621.1	44.501251	16.483723
8630.6	24.518627	13.894960
8640.2	10.529122	10.223922
8649.7	26.690767	14.263611
8659.3	46.280838	16.654013
8668.8	14.007421	11.463581
8678.3	29.092970	14.637880
8687.9	22.807888	13.580851
8697.4	9.639705	9.840637
8706.9	9.316555	9.692554
8716.5	23.629274	13.734504
8726.0	25.175091	14.009710
8735.5	26.796728	14.280817
8745.1	2.606964	4.161351
8754.6	8.795612	9.442661
8764.2	13.904068	11.431418
8773.7	20.682596	13.156051
8783.2	16.283026	12.117352
8792.8	39.721142	15.990217
8802.3	32.947666	15.178246
8811.8	17.002979	12.305250
8821.4	14.832968	11.712280
8830.9	23.272165	13.668367
8840.4	32.355671	15.099504
8850.0	47.376125	16.755596
8859.5	26.131510	14.171646
8869.1	17.500429	12.430487
8878.6	20.705679	13.160895
8888.1	28.598969	14.563503
8897.7	33.649937	15.269842
8907.2	22.027578	13.429668
8916.7	2.917902	4.650706
8926.3	15.735261	11.968739
8935.8	15.474222	11.896088
8945.4	14.342877	11.566362
8954.9	30.852051	14.892840
8964.4	34.371880	15.362033
8974.0	36.713680	15.648279
8983.5	35.208168	15.466434
8993.0	28.993223	14.622965
9002.6	7.864170	8.956529
9012.1	28.439754	14.539259
9021.6	21.311733	13.286188
9031.2	16.637592	12.210904
9040.7	16.040699	12.052233
9050.3	19.886295	12.985539
9059.8	22.782066	13.575931
9069.3	10.928061	10.385431
9078.9	16.295542	12.120687
9088.4	27.261761	14.355539
9097.9	16.135677	12.077871
9107.5	14.967037	11.751358
9117.0	34.024509	15.317919
9126.5	37.556984	15.746907
9136.1	21.189665	13.261241
9145.6	5.463205	7.374475
9155.2	3.467171	5.399752
9164.7	2.194726	3.413803
9174.2	9.335056	9.701169
9183.8	26.031395	14.154974
9193.3	38.300495	15.832044
9202.8	26.343355	14.206711
9212.4	7.302089	8.634471
9221.9	17.260458	12.370523
9231.4	14.632569	11.653206
9241.0	16.955545	12.293118
9250.5	20.253235	13.064943
9260.1	31.593178	14.995933
9269.6	16.000057	12.041216
9279.1	8.261249	9.170457
9288.7	19.009096	12.789614
9298.2	12.968604	11.128932
9307.7	20.424517	13.101519
9317.3	18.853689	12.753963
9326.8	29.193939	14.652927
9336.4	39.050625	15.916280
9345.9	32.905373	15.172668
9355.4	12.779877	11.065266
9365.0	2.139168	3.302450
9374.5	6.815459	8.334950
9384.0	12.939874	11.119300
9393.6	18.018007	12.557068
9403.1	4.597069	6.624811
9412.6	16.836975	12.262641
9422.2	33.281013	15.221966
9431.7	22.503620	13.522524
9441.3	20.670984	13.153611
9450.8	37.267796	15.713337
9460.3	34.972919	15.437319
9469.9	17.786678	12.500949
9479.4	4.418133	6.452388
9488.9	17.670334	12.472447
9498.5	39.057228	15.917014
9508.0	29.795393	14.741491
9517.5	22.786873	13.576847
9527.1	21.668232	13.358235
9536.6	12.812782	11.076435
9546.2	21.651896	13.354959
9555.7	32.023411	15.054675
9565.2	29.563229	14.707519
9574.8	18.654881	12.707925
9584.3	18.189650	12.598243
9593.8	9.516354	9.784706
9603.4	17.546988	12.442026
9612.9	24.654032	13.918879
9622.5	21.166475	13.256485
9632.0	6.637752	8.220210
9641.5	13.897779	11.429454
9651.1	24.011036	13.804110
9660.6	31.099764	14.927570
9670.1	25.518669	14.068580
9679.7	21.980637	13.420403
9689.2	20.472679	13.111746
9698.7	30.915941	14.901825
9708.3	36.904636	15.670810
9717.8	25.973860	14.145365
9727.4	17.211229	12.358120
9736.9	12.398367	10.933645
9746.4	8.518266	9.303512
9756.0	4.794909	6.807804
