
SampleRate=19531, frq_max = 438.7, mag_max = 122.608444
Freq	Mag	Mag(dB)
0.0	7.217299	8.583747
9.5	34.926086	15.431499
19.1	35.304111	15.478253
28.6	20.967009	13.215364
38.1	12.759035	11.058178
47.7	29.750072	14.734880
57.2	44.459583	16.479654
66.8	18.605259	12.696357
76.3	7.083621	8.502552
85.8	10.366189	10.156192
95.4	14.952359	11.747098
104.9	42.364666	16.270039
114.4	29.964140	14.766018
124.0	8.017447	9.040361
133.5	11.619982	10.652055
143.0	13.968118	11.451379
152.6	13.054358	11.157556
162.1	6.320832	8.007743
171.7	9.584139	9.815531
181.2	8.836161	9.462636
190.7	3.435316	5.359668
200.3	19.220196	12.837578
209.8	15.971768	12.033530
219.3	15.101212	11.790118
228.9	14.432316	11.593361
238.4	13.143239	11.187024
248.0	12.286606	10.894319
257.5	3.823098	5.824154
267.0	7.299688	8.633042
276.6	6.383545	8.050619
286.1	8.183773	9.129536
295.6	17.177605	12.349626
305.2	10.999590	10.413765
314.7	5.222289	7.178609
324.2	7.705618	8.868075
333.8	11.336481	10.544783
343.3	14.341218	11.565861
352.9	11.450146	10.588111
362.4	4.424073	6.458223
371.9	1.093867	0.389645
381.5	2.013407	3.039317
391.0	5.520911	7.420107
400.5	9.265140	9.668520
410.1	8.727677	9.408987
419.6	4.890080	6.893160
429.1	61.295372	17.874277
438.7	122.608444	20.885202
448.2	62.629826	17.967812
457.8	4.150921	6.181445
467.3	4.671948	6.694980
476.8	8.221431	9.149474
486.4	6.582138	8.183670
495.9	2.778524	4.438142
505.4	0.687732	-1.625806
515.0	3.174713	5.017045
524.5	3.949959	5.965926
534.1	3.913467	5.925617
543.6	5.893810	7.703961
553.1	6.221557	7.938991
562.7	5.219309	7.176130
572.2	8.208745	9.142768
581.7	7.485954	8.742472
591.3	3.177084	5.020287
600.8	2.698833	4.311759
610.3	8.441460	9.264175
619.9	7.886298	8.968732
629.4	4.596844	6.624598
639.0	4.662147	6.685859
648.5	6.544340	8.158659
658.0	3.615495	5.581678
667.6	3.583903	5.543563
677.1	5.972129	7.761292
686.6	4.232445	6.265913
696.2	3.841249	5.844726
705.7	2.494355	3.969582
715.2	4.519441	6.550847
724.8	3.378894	5.287745
734.3	1.046102	0.195739
743.9	1.610958	2.070842
753.4	4.302995	6.337708
762.9	5.993725	7.776968
772.5	4.840151	6.848589
782.0	2.744525	4.384672
791.5	2.089020	3.199427
801.1	2.577005	4.111152
810.6	6.448011	8.094258
820.1	3.135108	4.962525
829.7	4.486661	6.519232
839.2	5.933944	7.733435
848.8	1.356790	1.325126
858.3	4.555817	6.585662
867.8	4.641930	6.666986
877.4	5.244783	7.197275
886.9	8.510992	9.299802
896.4	10.734183	10.307690
906.0	4.275696	6.310068
915.5	4.467024	6.500183
925.1	3.326021	5.219250
934.6	1.415706	1.509730
944.1	4.036985	6.060572
953.7	6.682676	8.249504
963.2	4.829801	6.839292
972.7	0.848726	-0.712326
982.3	2.079351	3.179278
991.8	4.499779	6.531911
1001.3	5.469604	7.379560
1010.9	2.817593	4.498782
1020.4	1.511189	1.793187
1030.0	4.431376	6.465386
1039.5	2.887718	4.605548
1049.0	2.899431	4.623127
1058.6	2.808323	4.484471
1068.1	2.153595	3.331641
1077.6	1.719404	2.353780
1087.2	1.133500	0.544217
1096.7	1.775490	2.493181
1106.2	1.851470	2.675166
1115.8	1.411158	1.495757
1125.3	2.731295	4.363687
1134.9	6.879331	8.375463
1144.4	5.795285	7.630748
1153.9	2.105025	3.232573
1163.5	0.860976	-0.650090
1173.0	3.714417	5.698907
1182.5	4.965192	6.959360
1192.1	6.917964	8.399783
1201.6	6.638835	8.220920
1211.2	5.059329	7.040929
1220.7	3.179346	5.023378
1230.2	4.225448	6.258727
1239.8	2.101360	3.225005
1249.3	1.361628	1.340584
1258.8	2.348050	3.707074
1268.4	0.921210	-0.356415
1277.9	4.907152	6.908295
1287.4	4.663713	6.687319
1297.0	5.180455	7.143679
1306.5	4.337323	6.372218
1316.1	2.210603	3.445108
1325.6	2.153865	3.332185
1335.1	2.726602	4.356217
1344.7	1.671439	2.230906
1354.2	0.993085	-0.030135
1363.7	1.743523	2.414278
1373.3	1.971060	2.946999
1382.8	1.963151	2.929537
1392.3	2.424196	3.845677
1401.9	3.596364	5.558638
1411.4	3.377503	5.285957
1421.0	2.653742	4.238587
1430.5	2.973794	4.733109
1440.0	0.665460	-1.768778
1449.6	2.705753	4.322881
1459.1	2.073792	3.167652
1468.6	2.225889	3.475035
1478.2	1.301812	1.145481
1487.7	0.274750	-5.610622
1497.2	0.919915	-0.362521
1506.8	0.605737	-2.177158
1516.3	1.267110	1.028144
1525.9	0.412559	-3.845142
1535.4	1.588998	2.011233
1544.9	1.473364	1.683100
1554.5	2.557652	4.078414
1564.0	2.990765	4.757823
1573.5	3.060585	4.858045
1583.1	3.145659	4.977117
1592.6	1.471839	1.678603
1602.2	1.446172	1.602201
1611.7	2.254720	3.530926
1621.2	3.288717	5.170265
1630.8	5.464406	7.375430
1640.3	5.624154	7.500572
1649.8	2.895029	4.616529
1659.4	3.873956	5.881547
1668.9	3.366058	5.271216
1678.4	2.451582	3.894465
1688.0	2.157947	3.340407
1697.5	1.486340	1.721181
1707.1	1.081584	0.340604
1716.6	1.327141	1.229169
1726.1	2.107215	3.237089
1735.7	1.920928	2.835111
1745.2	3.092178	4.902645
1754.7	3.563889	5.519241
1764.3	2.497782	3.975546
1773.8	2.423312	3.844094
1783.3	1.611020	2.071009
1792.9	1.999387	3.008968
1802.4	3.135644	4.963268
1812.0	1.371550	1.372118
1821.5	0.532272	-2.738664
1831.0	1.476997	1.693797
1840.6	2.580732	4.117430
1850.1	2.098260	3.218593
1859.6	1.687186	2.271630
1869.2	1.369424	1.365379
1878.7	0.939500	-0.271034
1888.3	1.239422	0.932192
1897.8	1.449325	1.611657
1907.3	2.253905	3.529355
1916.9	1.621109	2.098122
1926.4	1.679308	2.251304
1935.9	3.872421	5.879826
1945.5	3.186302	5.032869
1955.0	0.546516	-2.623973
1964.5	2.502492	3.983728
1974.1	2.729413	4.360692
1983.6	2.698198	4.310738
1993.2	1.107169	0.442140
2002.7	1.649105	2.172483
2012.2	2.868536	4.576602
2021.8	2.484516	3.952417
2031.3	1.425098	1.538446
2040.8	0.372418	-4.289692
2050.4	1.862861	2.701804
2059.9	1.473962	1.684862
2069.4	1.262731	1.013109
2079.0	2.509207	3.995366
2088.5	1.900950	2.789707
2098.1	1.174966	0.700252
2107.6	3.164269	5.002735
2117.1	2.672764	4.269605
2126.7	2.589480	4.132126
2136.2	2.555541	4.074829
2145.7	2.465814	3.919603
2155.3	2.445505	3.883686
2164.8	1.578836	1.983369
2174.3	2.568960	4.097574
2183.9	3.161136	4.998431
2193.4	1.566503	1.949312
2203.0	1.021655	0.093041
2212.5	0.680041	-1.674651
2222.0	0.799529	-0.971660
2231.6	0.996184	-0.016603
2241.1	2.351514	3.713475
2250.6	1.942615	2.883868
2260.2	2.120179	3.263726
2269.7	1.933675	2.863834
2279.3	0.931043	-0.310302
2288.8	0.681187	-1.667335
2298.3	0.907293	-0.422523
2307.9	0.309356	-5.095416
2317.4	0.477516	-3.210118
2326.9	0.673071	-1.719391
2336.5	0.934228	-0.295471
2346.0	1.501326	1.764750
2355.5	2.336063	3.684846
2365.1	2.891985	4.611961
2374.6	1.169574	0.680277
2384.2	1.459832	1.643028
2393.7	1.833387	2.632541
2403.2	1.103708	0.428540
2412.8	0.806149	-0.935844
2422.3	1.658045	2.195963
2431.8	0.982287	-0.077618
2441.4	0.942852	-0.255563
2450.9	0.464218	-3.332777
2460.4	1.150636	0.609381
2470.0	1.720952	2.357688
2479.5	1.191092	0.759452
2489.1	0.998966	-0.004492
2498.6	0.960606	-0.174546
2508.1	0.739093	-1.313010
2517.7	1.708885	2.327128
2527.2	1.303903	1.152452
2536.7	0.369295	-4.326266
2546.3	2.209877	3.443681
2555.8	1.973033	2.951344
2565.4	0.542568	-2.655458
2574.9	0.546687	-2.622616
2584.4	0.453261	-3.436518
2594.0	0.459632	-3.375895
2603.5	0.717519	-1.441664
2613.0	1.207319	0.818222
2622.6	1.092172	0.382912
2632.1	1.933433	2.863292
2641.6	1.091466	0.380101
2651.2	0.774856	-1.107791
2660.7	0.509913	-2.925040
2670.3	0.362982	-4.401146
2679.8	0.395055	-4.033427
2689.3	0.349914	-4.560391
2698.9	0.641643	-1.927062
2708.4	0.129746	-8.869052
2717.9	0.555326	-2.554522
2727.5	1.430689	1.555453
2737.0	1.653450	2.183912
2746.5	0.427925	-3.686327
2756.1	0.743360	-1.288009
2765.6	0.529648	-2.760126
2775.2	1.442309	1.590582
2784.7	0.516921	-2.865757
2794.2	1.122259	0.500933
2803.8	0.454467	-3.424980
2813.3	0.527694	-2.776177
2822.8	0.511750	-2.909420
2832.4	0.507155	-2.948594
2841.9	0.694507	-1.583234
2851.4	0.208905	-6.800511
2861.0	1.101981	0.421740
2870.5	1.935243	2.867355
2880.1	2.548169	4.062283
2889.6	2.002980	3.016766
2899.1	0.579202	-2.371701
2908.7	1.030219	0.129296
2918.2	1.219220	0.860821
2927.7	1.213891	0.841796
2937.3	1.267427	1.029229
2946.8	0.901297	-0.451322
2956.4	1.367568	1.359489
2965.9	1.700629	2.306096
2975.4	1.979104	2.964686
2985.0	1.263038	1.014164
2994.5	1.026713	0.114491
3004.0	1.783972	2.513880
3013.6	1.688526	2.275078
3023.1	1.683636	2.262481
3032.6	1.536619	1.865662
3042.2	1.412220	1.499023
3051.7	1.377184	1.389918
3061.3	0.821620	-0.853288
3070.8	0.438014	-3.585124
3080.3	0.847423	-0.719000
3089.9	1.998600	3.007258
3099.4	1.767575	2.473778
3108.9	0.862052	-0.644666
3118.5	0.659922	-1.805072
3128.0	0.231824	-6.348407
3137.5	0.938325	-0.276469
3147.1	0.861437	-0.647765
3156.6	0.924430	-0.341259
3166.2	1.226628	0.887128
3175.7	0.734259	-1.341505
3185.2	0.205404	-6.873901
3194.8	0.693696	-1.588306
3204.3	1.113841	0.468231
3213.8	0.502563	-2.988096
3223.4	0.618361	-2.087582
3232.9	0.543508	-2.647937
3242.5	1.189861	0.754962
3252.0	0.724821	-1.397695
3261.5	0.085194	-10.695906
3271.1	0.448250	-3.484797
3280.6	0.710602	-1.483733
3290.1	0.233717	-6.313096
3299.7	0.671014	-1.732683
3309.2	0.631045	-1.999399
3318.7	0.590091	-2.290809
3328.3	1.649291	2.172973
3337.8	1.128224	0.523953
3347.4	0.586390	-2.318134
3356.9	0.631801	-1.994200
3366.4	1.060165	0.253733
3376.0	0.886265	-0.524366
3385.5	0.678869	-1.682141
3395.0	1.748812	2.427431
3404.6	2.012447	3.037244
3414.1	0.598476	-2.229535
3423.6	0.467009	-3.306745
3433.2	0.462413	-3.349699
3442.7	1.012183	0.052591
3452.3	1.090184	0.374998
3461.8	0.570013	-2.441156
3471.3	0.680525	-1.671560
3480.9	1.715938	2.345016
3490.4	1.940378	2.878863
3499.9	0.661194	-1.796712
3509.5	0.722369	-1.412409
3519.0	1.065434	0.275265
3528.5	0.509190	-2.931198
3538.1	1.163363	0.657153
3547.6	0.345776	-4.612047
3557.2	0.391914	-4.068089
3566.7	1.009675	0.041816
3576.2	0.669447	-1.742838
3585.8	0.837938	-0.767882
3595.3	0.560527	-2.514036
3604.8	0.564806	-2.481010
3614.4	1.691032	2.281518
3623.9	2.319156	3.653300
3633.5	1.556691	1.922025
3643.0	1.075428	0.315812
3652.5	1.478099	1.697036
3662.1	1.404959	1.476636
3671.6	0.951857	-0.214283
3681.1	0.300256	-5.225084
3690.7	0.858797	-0.661095
3700.2	0.033338	-14.770559
3709.7	0.721393	-1.418279
3719.3	0.285359	-5.446078
3728.8	0.038222	-14.176816
3738.4	0.270199	-5.683161
3747.9	0.330752	-4.804976
3757.4	0.582325	-2.348348
3767.0	1.057006	0.240774
3776.5	1.336653	1.260188
3786.0	0.818818	-0.868129
3795.6	0.132235	-8.786525
3805.1	1.712477	2.336246
3814.6	2.988827	4.755009
3824.2	2.423532	3.844488
3833.7	1.268270	1.032116
3843.3	1.392322	1.437396
3852.8	1.173296	0.694075
3862.3	1.150533	0.608989
3871.9	1.673821	2.237090
3881.4	0.789458	-1.026708
3890.9	0.687481	-1.627393
3900.5	0.582154	-2.349619
3910.0	0.641858	-1.925609
3919.6	0.509309	-2.930185
3929.1	0.404939	-3.926102
3938.6	0.555308	-2.554662
3948.2	1.144583	0.586473
3957.7	1.206555	0.815471
3967.2	0.815833	-0.883988
3976.8	1.025732	0.110340
3986.3	1.469050	1.670365
3995.8	1.666183	2.217228
4005.4	0.951524	-0.215802
4014.9	0.224283	-6.492042
4024.5	0.496866	-3.037606
4034.0	0.698783	-1.556578
4043.5	0.997392	-0.011340
4053.1	0.409322	-3.879346
4062.6	0.229865	-6.385277
4072.1	0.377395	-4.232033
4081.7	1.006054	0.026214
4091.2	1.433244	1.563203
4100.7	1.306355	1.160612
4110.3	1.123936	0.507417
4119.8	1.340484	1.272616
4129.4	1.007938	0.034338
4138.9	0.890171	-0.505265
4148.4	0.773997	-1.112605
4158.0	0.525866	-2.791252
4167.5	0.196141	-7.074325
4177.0	0.937412	-0.280695
4186.6	0.575863	-2.396805
4196.1	0.431447	-3.650722
4205.6	0.155098	-8.093930
4215.2	0.658887	-1.811893
4224.7	0.552792	-2.574381
4234.3	0.847485	-0.718679
4243.8	0.797375	-0.983371
4253.3	0.657581	-1.820507
4262.9	0.641568	-1.927573
4272.4	0.760032	-1.191680
4281.9	0.793651	-1.003704
4291.5	0.626324	-2.032012
4301.0	0.588188	-2.304839
4310.6	1.064316	0.270707
4320.1	0.836286	-0.776450
4329.6	0.806250	-0.935303
4339.2	1.043310	0.184132
4348.7	0.882263	-0.544020
4358.2	0.444562	-3.520681
4367.8	0.690759	-1.606734
4377.3	0.664936	-1.772204
4386.8	0.611391	-2.136808
4396.4	1.558928	1.928262
4405.9	1.480699	1.704667
4415.5	1.017079	0.073547
4425.0	0.860838	-0.650787
4434.5	1.004860	0.021056
4444.1	1.027205	0.116572
4453.6	1.101996	0.421799
4463.1	0.810911	-0.910267
4472.7	0.203529	-6.913732
4482.2	0.463408	-3.340369
4491.7	0.154623	-8.107249
4501.3	0.174119	-7.591545
4510.8	0.549404	-2.601080
4520.4	0.520159	-2.838643
4529.9	0.334628	-4.754373
4539.4	0.656014	-1.830870
4549.0	0.262282	-5.812309
4558.5	0.155796	-8.074444
4568.0	0.328403	-4.835932
4577.6	0.735395	-1.334794
4587.1	0.926742	-0.330410
4596.7	0.504158	-2.974333
4606.2	0.238885	-6.218104
4615.7	0.877893	-0.565584
4625.3	0.885255	-0.529316
4634.8	0.826316	-0.828537
4644.3	0.715871	-1.451655
4653.9	0.434419	-3.620913
4663.4	0.522473	-2.819361
4672.9	0.352066	-4.533754
4682.5	0.238403	-6.226878
4692.0	0.667799	-1.753546
4701.6	0.474034	-3.241910
4711.1	0.279997	-5.528473
4720.6	0.360097	-4.435811
4730.2	0.930506	-0.312808
4739.7	0.455821	-3.412055
4749.2	0.524732	-2.800626
4758.8	0.660521	-1.801133
4768.3	0.663197	-1.783574
4777.8	0.473855	-3.243546
4787.4	0.493594	-3.066299
4796.9	0.318609	-4.967416
4806.5	0.847279	-0.719733
4816.0	1.222609	0.872876
4825.5	1.132511	0.540426
4835.1	1.394470	1.444092
4844.6	1.096108	0.398535
4854.1	0.396750	-4.014831
4863.7	0.623394	-2.052372
4873.2	0.590010	-2.291409
4882.8	0.342433	-4.654245
4892.3	0.584422	-2.332736
4901.8	0.681011	-1.668459
4911.4	0.893984	-0.486704
4920.9	1.002675	0.011603
4930.4	1.044492	0.189053
4940.0	0.228439	-6.412291
4949.5	0.414067	-3.829289
4959.0	0.294629	-5.307252
4968.6	0.396191	-4.020956
4978.1	0.439201	-3.573366
4987.7	1.121418	0.497674
4997.2	1.322617	1.214341
5006.7	1.516587	1.808672
5016.3	1.390175	1.430696
5025.8	0.769301	-1.139038
5035.3	0.187621	-7.267196
5044.9	0.494413	-3.059099
5054.4	1.675213	2.240701
5063.9	1.876261	2.732932
5073.5	0.957102	-0.190418
5083.0	0.973192	-0.118014
5092.6	1.127413	0.520829
5102.1	0.838594	-0.764481
5111.6	0.666871	-1.759583
5121.2	0.497581	-3.031359
5130.7	0.477046	-3.214395
5140.2	0.628269	-2.018546
5149.8	0.539946	-2.676497
5159.3	1.113213	0.465782
5168.8	1.238642	0.929457
5178.4	0.802828	-0.953773
5187.9	0.541571	-2.663448
5197.5	0.875181	-0.579021
5207.0	0.887597	-0.517843
5216.5	0.438206	-3.583220
5226.1	0.433915	-3.625951
5235.6	0.135451	-8.682173
5245.1	0.616605	-2.099931
5254.7	0.832734	-0.794940
5264.2	0.813153	-0.898276
5273.8	0.646628	-1.893453
5283.3	0.237100	-6.250693
5292.8	1.119168	0.488952
5302.4	1.431136	1.556809
5311.9	1.527443	1.839650
5321.4	1.232788	0.908885
5331.0	0.458579	-3.385862
5340.5	0.232224	-6.340935
5350.0	0.136775	-8.639926
5359.6	0.353764	-4.512865
5369.1	0.380033	-4.201785
5378.7	0.490821	-3.090764
5388.2	0.173244	-7.613427
5397.7	0.520468	-2.836062
5407.3	0.631060	-1.999290
5416.8	0.671915	-1.726854
5426.3	0.917186	-0.375424
5435.9	0.234738	-6.294159
5445.4	0.718448	-1.436044
5454.9	0.210418	-6.769173
5464.5	0.610692	-2.141779
5474.0	0.712995	-1.469138
5483.6	0.378168	-4.223152
5493.1	0.400342	-3.975684
5502.6	0.618537	-2.086344
5512.2	0.475881	-3.225019
5521.7	0.200728	-6.973931
5531.2	0.358923	-4.449989
5540.8	0.114424	-9.414835
5550.3	0.300252	-5.225139
5559.9	0.350359	-4.554865
5569.4	0.678797	-1.682603
5578.9	0.610030	-2.146485
5588.5	0.348533	-4.577560
5598.0	0.802851	-0.953650
5607.5	0.398300	-3.997901
5617.1	0.246736	-6.077667
5626.6	0.523351	-2.812071
5636.1	0.451341	-3.454949
5645.7	0.728663	-1.374733
5655.2	0.783513	-1.059537
5664.8	0.287927	-5.407171
5674.3	0.232389	-6.337853
5683.8	0.353180	-4.520041
5693.4	0.875583	-0.577029
5702.9	1.120457	0.493952
5712.4	0.662663	-1.787076
5722.0	0.231125	-6.361529
5731.5	0.311273	-5.068591
5741.0	0.738404	-1.317059
5750.6	0.608540	-2.157108
5760.1	0.326051	-4.867149
5769.7	0.404878	-3.926758
5779.2	0.113309	-9.457375
5788.7	0.157752	-8.020256
5798.3	0.292255	-5.342384
5807.8	1.067383	0.283203
5817.3	0.741884	-1.296641
5826.9	0.462943	-3.344728
5836.4	0.162477	-7.892089
5845.9	0.692997	-1.592687
5855.5	0.774395	-1.110373
5865.0	0.555044	-2.556723
5874.6	0.413651	-3.833658
5884.1	0.767044	-1.151800
5893.6	1.001291	0.005605
5903.2	0.904257	-0.437081
5912.7	0.623720	-2.050106
5922.2	0.353184	-4.519992
5931.8	0.431651	-3.648669
5941.3	0.665773	-1.766741
5950.9	0.669887	-1.739986
5960.4	0.604056	-2.189228
5969.9	0.400344	-3.975664
5979.5	0.442514	-3.540726
5989.0	0.573714	-2.413049
5998.5	0.114371	-9.416855
6008.1	0.282052	-5.496707
6017.6	0.567393	-2.461158
6027.1	1.050577	0.214281
6036.7	1.125830	0.514727
6046.2	1.266108	1.024709
6055.8	0.957328	-0.189392
6065.3	0.345148	-4.619950
6074.8	0.067548	-11.703844
6084.4	0.666370	-1.762848
6093.9	1.055171	0.233228
6103.4	1.209731	0.826887
6113.0	1.148950	0.603010
6122.5	0.762660	-1.176688
6132.0	0.449384	-3.473827
6141.6	0.243369	-6.137347
6151.1	1.155867	0.629079
6160.7	1.465110	1.658702
6170.2	1.015792	0.068048
6179.7	1.031884	0.136307
6189.3	0.905402	-0.431586
6198.8	0.455846	-3.411822
6208.3	0.534541	-2.720188
6217.9	0.530994	-2.749103
6227.4	0.269032	-5.701963
6237.0	0.487082	-3.123979
6246.5	0.458359	-3.387944
6256.0	0.418025	-3.787978
6265.6	0.133502	-8.745135
6275.1	0.384568	-4.150272
6284.6	0.408834	-3.884529
6294.2	0.292929	-5.332380
6303.7	0.196601	-7.064147
6313.2	0.160542	-7.944109
6322.8	0.380946	-4.191368
6332.3	0.780488	-1.076338
6341.9	0.360609	-4.429639
6351.4	0.217926	-6.616903
6360.9	0.771899	-1.124396
6370.5	1.047873	0.203085
6380.0	0.936757	-0.283731
6389.5	0.448967	-3.477860
6399.1	0.486369	-3.130343
6408.6	0.751110	-1.242963
6418.1	0.360596	-4.429792
6427.7	0.291422	-5.354777
6437.2	0.157638	-8.023377
6446.8	0.641037	-1.931167
6456.3	0.653458	-1.847820
6465.8	0.283629	-5.472489
6475.4	0.474709	-3.235727
6484.9	0.471368	-3.266399
6494.4	0.493837	-3.064160
6504.0	0.766973	-1.152197
6513.5	0.532981	-2.732885
6523.0	0.506511	-2.954112
6532.6	0.355386	-4.492997
6542.1	0.571068	-2.433121
6551.7	0.772268	-1.122318
6561.2	0.666160	-1.764215
6570.7	0.302548	-5.192061
6580.3	0.475465	-3.228817
6589.8	0.510867	-2.916920
6599.3	0.578177	-2.379395
6608.9	0.383395	-4.163537
6618.4	0.058370	-12.338074
6628.0	0.556712	-2.543695
6637.5	0.621078	-2.068541
6647.0	0.201445	-6.958440
6656.6	0.875089	-0.579476
6666.1	0.963404	-0.161916
6675.6	0.576524	-2.391830
6685.2	0.715726	-1.452532
6694.7	0.325776	-4.870803
6704.2	0.262895	-5.802170
6713.8	0.906467	-0.426481
6723.3	0.648485	-1.881003
6732.9	0.408049	-3.892877
6742.4	0.141941	-8.478935
6751.9	0.607918	-2.161550
6761.5	0.801632	-0.960252
6771.0	0.149806	-8.244697
6780.5	0.653171	-1.849731
6790.1	0.500093	-3.009495
6799.6	0.291867	-5.348146
6809.1	0.654364	-1.841803
6818.7	0.660098	-1.803913
6828.2	0.672679	-1.721919
6837.8	0.562458	-2.499100
6847.3	0.166593	-7.783426
6856.8	0.433373	-3.631379
6866.4	0.550233	-2.594534
6875.9	0.714319	-1.461076
6885.4	1.036087	0.153961
6895.0	0.498891	-3.019947
6904.5	0.069806	-11.561094
6914.1	0.267249	-5.730833
6923.6	0.443764	-3.528476
6933.1	0.452900	-3.439972
6942.7	0.666816	-1.759939
6952.2	0.699135	-1.554387
6961.7	0.274274	-5.618157
6971.3	0.327094	-4.853279
6980.8	0.741018	-1.301710
6990.3	0.667731	-1.753982
6999.9	0.392358	-4.063176
7009.4	0.503310	-2.981647
7019.0	0.371491	-4.300511
7028.5	0.274369	-5.616648
7038.0	0.540421	-2.672677
7047.6	0.664336	-1.776122
7057.1	0.708750	-1.495069
7066.6	0.446982	-3.497102
7076.2	0.353686	-4.513826
7085.7	0.604998	-2.182464
7095.2	0.398297	-3.997933
7104.8	0.097429	-10.113120
7114.3	0.548885	-2.605184
7123.9	0.400712	-3.971679
7133.4	0.159312	-7.977517
7142.9	0.554039	-2.564595
7152.5	0.649251	-1.875872
7162.0	0.475596	-3.227616
7171.5	0.524825	-2.799853
7181.1	0.535906	-2.709112
7190.6	0.288219	-5.402781
7200.1	0.596063	-2.247077
7209.7	0.078268	-11.064178
7219.2	0.050202	-12.992825
7228.8	0.191314	-7.182543
7238.3	0.073542	-11.334621
7247.8	0.458583	-3.385822
7257.4	0.872885	-0.590430
7266.9	0.890185	-0.505196
7276.4	0.756676	-1.210903
7286.0	0.945394	-0.243872
7295.5	0.634264	-1.977296
7305.1	0.617156	-2.096047
7314.6	0.257575	-5.890971
7324.1	0.471820	-3.262234
7333.7	0.548010	-2.612114
7343.2	0.436140	-3.603737
7352.7	0.615784	-2.105713
7362.3	0.492601	-3.075043
7371.8	0.282939	-5.483069
7381.3	0.306812	-5.131283
7390.9	0.370211	-4.315511
7400.4	0.774581	-1.109333
7410.0	0.853297	-0.688999
7419.5	0.883326	-0.538790
7429.0	0.670371	-1.736845
7438.6	0.126148	-8.991205
7448.1	0.582042	-2.350457
7457.6	0.594836	-2.256027
7467.2	0.664705	-1.773712
7476.7	0.955465	-0.197853
7486.2	0.589477	-2.295335
7495.8	0.508925	-2.933461
7505.3	0.604590	-2.185394
7514.9	0.267907	-5.720153
7524.4	0.209865	-6.780599
7533.9	0.130903	-8.830509
7543.5	0.608998	-2.153838
7553.0	0.903687	-0.439819
7562.5	0.658465	-1.814671
7572.1	0.287571	-5.412555
7581.6	0.150498	-8.224693
7591.2	0.124651	-9.043054
7600.7	0.215726	-6.660972
7610.2	0.264714	-5.772238
7619.8	0.401804	-3.959855
7629.3	0.620576	-2.072052
7638.8	0.500753	-3.003768
7648.4	0.328890	-4.829490
7657.9	0.179283	-7.464600
7667.4	0.072319	-11.407485
7677.0	0.194857	-7.102848
7686.5	0.098676	-10.057896
7696.1	0.371249	-4.303350
7705.6	0.589348	-2.296280
7715.1	0.458686	-3.384845
7724.7	0.351668	-4.538677
7734.2	0.565530	-2.475447
7743.7	0.372282	-4.291279
7753.3	0.083747	-10.770285
7762.8	0.209165	-6.795106
7772.3	0.383219	-4.165534
7781.9	0.264464	-5.776339
7791.4	0.236849	-6.255281
7801.0	0.272313	-5.649310
7810.5	0.362858	-4.402631
7820.0	0.689659	-1.613657
7829.6	0.802062	-0.957921
7839.1	0.908458	-0.416951
7848.6	0.747989	-1.261046
7858.2	0.245528	-6.098987
7867.7	0.686477	-1.633740
7877.2	0.824912	-0.835923
7886.8	0.587899	-2.306973
7896.3	0.463984	-3.334968
7905.9	0.296331	-5.282226
7915.4	0.299267	-5.239412
7924.9	0.236783	-6.256495
7934.5	0.214603	-6.683648
7944.0	0.334472	-4.756401
7953.5	0.221724	-6.541879
7963.1	0.318162	-4.973512
7972.6	0.366138	-4.363549
7982.2	0.274812	-5.609650
7991.7	0.406808	-3.906107
8001.2	0.749864	-1.250173
8010.8	0.934018	-0.296447
8020.3	0.460607	-3.366698
8029.8	0.663636	-1.780704
8039.4	0.940513	-0.266353
8048.9	0.749168	-1.254208
8058.4	0.395067	-4.033288
8068.0	0.531828	-2.742290
8077.5	1.019955	0.085810
8087.1	0.986044	-0.061036
8096.6	0.987800	-0.053308
8106.1	0.891901	-0.496833
8115.7	0.503774	-2.977646
8125.2	0.235902	-6.272690
8134.7	0.754734	-1.222062
8144.3	0.682605	-1.658306
8153.8	0.440465	-3.560885
8163.3	0.285340	-5.446378
8172.9	0.089665	-10.473787
8182.4	0.449859	-3.469233
8192.0	0.195961	-7.078305
8201.5	0.334176	-4.760252
8211.0	0.428286	-3.682663
8220.6	0.348293	-4.580555
8230.1	0.470530	-3.274124
8239.6	0.177262	-7.513852
8249.2	0.200200	-6.985364
8258.7	0.282332	-5.492398
8268.2	0.303880	-5.172974
8277.8	0.352901	-4.523475
8287.3	0.403911	-3.937146
8296.9	0.237328	-6.246505
8306.4	0.293104	-5.329783
8315.9	0.258351	-5.877898
8325.5	0.600206	-2.216996
8335.0	0.748938	-1.255542
8344.5	0.258314	-5.878517
8354.1	0.250759	-6.007431
8363.6	0.147582	-8.309664
8373.2	0.294803	-5.304688
8382.7	0.518740	-2.850503
8392.2	0.411755	-3.853610
8401.8	0.074641	-11.270251
8411.3	0.170042	-7.694429
8420.8	0.211160	-6.753884
8430.4	0.560024	-2.517930
8439.9	0.230891	-6.365930
8449.4	0.119959	-9.209675
8459.0	0.219024	-6.595076
8468.5	0.234050	-6.306913
8478.1	0.362722	-4.404261
8487.6	0.309406	-5.094714
8497.1	0.312257	-5.054875
8506.7	0.507560	-2.945126
8516.2	0.470515	-3.274262
8525.7	0.722110	-1.413969
8535.3	0.712746	-1.470654
8544.8	0.349001	-4.571734
8554.3	0.203774	-6.908503
8563.9	0.569848	-2.442408
8573.4	0.863855	-0.635591
8583.0	0.688899	-1.618445
8592.5	0.331160	-4.799627
8602.0	0.150400	-8.227518
8611.6	0.273614	-5.628624
8621.1	0.290628	-5.366631
8630.6	0.474669	-3.236094
8640.2	0.549503	-2.600303
8649.7	0.805140	-0.941288
8659.3	0.867776	-0.615926
8668.8	0.432385	-3.641297
8678.3	0.149337	-8.258321
8687.9	0.279751	-5.532285
8697.4	0.668072	-1.751769
8706.9	0.885780	-0.526739
8716.5	1.020210	0.086896
8726.0	0.650689	-1.866268
8735.5	0.195969	-7.078134
8745.1	0.283749	-5.470655
8754.6	0.407877	-3.894709
8764.2	0.367572	-4.346581
8773.7	0.700960	-1.543066
8783.2	0.813831	-0.894660
8792.8	0.453154	-3.437545
8802.3	0.057223	-12.424318
8811.8	0.322934	-4.908859
8821.4	0.538684	-2.686661
8830.9	0.735479	-1.334300
8840.4	0.972317	-0.121922
8850.0	0.901079	-0.452374
8859.5	0.532879	-2.733715
8869.1	0.300117	-5.227098
8878.6	0.111683	-9.520113
8888.1	0.281562	-5.504257
8897.7	0.412639	-3.844300
8907.2	0.361884	-4.414308
8916.7	0.322424	-4.915731
8926.3	0.141317	-8.498056
8935.8	0.264234	-5.780118
8945.4	0.206450	-6.851844
8954.9	0.404898	-3.926546
8964.4	0.531188	-2.747521
8974.0	0.378445	-4.219974
8983.5	0.676739	-1.695789
8993.0	0.205628	-6.869188
9002.6	0.586858	-2.314670
9012.1	0.720944	-1.420985
9021.6	0.796038	-0.990662
9031.2	0.479745	-3.189896
9040.7	0.424065	-3.725681
9050.3	0.470429	-3.275064
9059.8	0.593260	-2.267552
9069.3	0.694798	-1.581415
9078.9	0.501763	-2.995017
9088.4	0.391725	-4.070188
9097.9	0.513791	-2.892139
9107.5	0.324100	-4.893211
9117.0	0.484111	-3.150549
9126.5	0.575245	-2.401469
9136.1	0.400486	-3.974131
9145.6	0.094086	-10.264769
9155.2	0.678968	-1.681507
9164.7	0.801671	-0.960040
9174.2	0.519668	-2.842740
9183.8	0.563522	-2.490895
9193.3	0.410007	-3.872087
9202.8	0.485245	-3.140390
9212.4	0.407806	-3.895465
9221.9	0.229411	-6.393863
9231.4	0.308525	-5.107090
9241.0	0.362888	-4.402274
9250.5	0.188098	-7.256151
9260.1	0.782475	-1.065298
9269.6	0.680096	-1.674298
9279.1	0.505646	-2.961533
9288.7	0.491619	-3.083714
9298.2	0.405390	-3.921270
9307.7	0.323133	-4.906188
9317.3	0.410332	-3.868644
9326.8	0.314490	-5.023933
9336.4	0.309332	-5.095748
9345.9	0.458153	-3.389893
9355.4	0.815899	-0.883635
9365.0	0.547807	-2.613725
9374.5	0.270789	-5.673683
9384.0	0.570820	-2.435009
9393.6	0.309055	-5.099644
9403.1	0.368992	-4.329826
9412.6	0.411594	-3.855311
9422.2	0.430870	-3.656536
9431.7	0.301649	-5.204984
9441.3	0.112338	-9.494723
9450.8	0.203283	-6.918998
9460.3	0.131524	-8.809937
9469.9	0.519125	-2.847282
9479.4	0.379507	-4.207802
9488.9	0.033485	-14.751465
9498.5	0.397331	-4.008476
9508.0	0.317579	-4.981482
9517.5	0.179072	-7.469725
9527.1	0.451452	-3.453883
9536.6	0.450342	-3.464576
9546.2	0.390075	-4.088519
9555.7	0.430894	-3.656300
9565.2	0.395933	-4.023781
9574.8	0.470622	-3.273279
9584.3	0.999661	-0.001473
9593.8	0.758860	-1.198381
9603.4	0.645207	-1.903008
9612.9	0.741968	-1.296149
9622.5	0.613692	-2.120498
9632.0	0.294953	-5.302466
9641.5	0.323745	-4.897964
9651.1	0.340046	-4.684622
9660.6	0.337089	-4.722557
9670.1	0.521253	-2.829512
9679.7	0.606327	-2.172935
9689.2	0.334693	-4.753527
9698.7	0.258910	-5.868512
9708.3	0.347423	-4.591409
9717.8	0.316039	-5.002598
9727.4	0.469564	-3.283054
9736.9	0.524456	-2.802908
9746.4	0.227412	-6.431873
9756.0	0.353199	-4.519804
